index,query_id,start_time_x,planning_time_x,execution_time_x,execution_start_time_x,workload_time_x,ID_x,start_time_y,planning_time_y,execution_time_y,execution_start_time_y,workload_time_y,ID_y,diff,diffratio,PN
0,query59,2757.046890258789,61.55989999999999,61388.6333,64146.1407672699,3526325.1492576194,0,1423.1338739395142,43.4328,83794.8662,85218.02379658814,561499.5147619476,2,-22406.232900000003,-1.36,False
1,query135,28454.17983531952,35.5108,536547.4757999999,565002.1162123305,3526325.1492576194,0,4906.478261947632,30.500099999999996,556562.5364,561469.0383845962,561499.5147619476,2,-20015.060600000084,-1.04,False
2,query89,8171.659708023071,3.4265,1052.9567,9225.076985034179,3526325.1492576194,0,2436.9513273239136,3.3854999999999995,1410.7155,3847.690549972534,561499.5147619476,2,-357.75880000000006,-1.34,False
3,query87,7771.06397151947,3.6268000000000002,669.7373,8441.261848530577,3526325.1492576194,0,2367.814350128174,4.3207,938.8255000000001,3306.6635727767944,561499.5147619476,2,-269.08820000000014,-1.4,False
4,query127,22385.159492492676,64.9309,1172.9637,23558.583769503784,3526325.1492576194,0,4389.998960494995,63.0184,1287.3884,5677.4110831436155,561499.5147619476,2,-114.42470000000003,-1.1,False
5,query130,24243.13087463379,33.8235,545.3011,24788.892551644898,3526325.1492576194,0,4594.008255004883,31.808300000000003,640.9243,5234.956277653504,561499.5147619476,2,-95.6232,-1.18,False
6,query75,4517.410898208618,36.8451,4710.4318,9228.303275219727,3526325.1492576194,0,1815.595269203186,50.4258,4752.7582,6568.377191851806,561499.5147619476,2,-42.32639999999992,-1.01,False
7,query128,23029.595708847046,67.5517,1901.0107,24931.066985858153,3526325.1492576194,0,4489.1884088516235,65.38340000000001,1928.5273999999997,6417.739531500245,561499.5147619476,2,-27.516699999999673,-1.01,False
8,query55,2468.1991815567017,12.389,53.501099999999994,2522.16085856781,3526325.1492576194,0,1367.0764446258545,16.4007,61.9369,1429.037067274475,561499.5147619476,2,-8.435800000000008,-1.16,False
9,query67,3446.723484992981,54.5991,154.3432,3601.5272620040896,3526325.1492576194,0,1586.155652999878,43.1822,156.54670000000002,1742.7260756484986,561499.5147619476,2,-2.2035000000000196,-1.01,False
10,query41,1616.9503450393677,7.5,157.6728,1775.083722050476,3526325.1492576194,0,946.7863082885742,7.1928,151.811,1098.621030937195,561499.5147619476,2,5.861799999999988,1.04,True
11,query62,2985.355067253113,44.708999999999996,256.1352,3241.950844264221,3526325.1492576194,0,1478.3831596374512,34.6514,242.8563,1721.2631822860717,561499.5147619476,2,13.278899999999993,1.05,True
12,query54,2373.283290863037,19.6935,128.0366,2501.7804678741454,3526325.1492576194,0,1340.3509616851807,2.9551000000000003,111.62950000000001,1452.0041843338013,561499.5147619476,2,16.407099999999986,1.15,True
13,query83,6570.877242088318,3.4283,1720.1794000000002,8291.517219099425,3526325.1492576194,0,2192.1663999557495,3.6762,1697.7039,3889.8940226043705,561499.5147619476,2,22.47550000000024,1.01,True
14,query63,3116.8882608413696,40.3428,226.45209999999997,3343.800937852478,3526325.1492576194,0,1504.0346145629883,37.345299999999995,198.0336,1702.0919372116089,561499.5147619476,2,28.418499999999966,1.14,True
15,query78,5376.321172714233,40.9345,663.7954,6040.577149725342,3526325.1492576194,0,1898.6539840698242,46.398399999999995,632.1375,2530.8152067184446,561499.5147619476,2,31.657899999999927,1.05,True
16,query36,1345.7229375839233,18.1943,544.9467000000001,1891.1302145950317,3526325.1492576194,0,786.420464515686,19.583099999999998,500.8209,1287.2650871643066,561499.5147619476,2,44.12580000000008,1.09,True
17,query129,23645.60148715973,67.3096,2027.5635000000002,25673.625564170834,3526325.1492576194,0,4528.978753089905,3.2738,1981.0564,6510.058875738525,561499.5147619476,2,46.507100000000264,1.02,True
18,query125,20037.450623512268,16.8461,759.0554,20796.966600523378,3526325.1492576194,0,4293.120241165161,11.6819,702.3411,4995.485063813781,561499.5147619476,2,56.71429999999998,1.08,True
19,query61,2882.8086137771606,46.973699999999994,845.0496999999999,3728.3188907882695,3526325.1492576194,0,1466.641116142273,3.6988999999999996,786.5658000000001,2253.2306387908934,561499.5147619476,2,58.483899999999835,1.07,True
20,query64,3217.3722743988037,41.2178,1054.8163,4272.6491514099125,3526325.1492576194,0,1527.6718139648438,48.2641,995.9179,2523.6134366134643,561499.5147619476,2,58.898399999999924,1.06,True
21,query137,31277.95066833496,15.6758,680.6346,31959.04584534607,3526325.1492576194,0,5010.328459739685,14.849099999999998,595.1034,5605.455582388306,561499.5147619476,2,85.53120000000001,1.14,True
22,query100,10606.518697738647,7.519800000000001,936.5896,11543.568874749757,3526325.1492576194,0,3010.2160930633545,7.282300000000001,840.4138999999999,3850.6537157119756,561499.5147619476,2,96.17570000000012,1.11,True
23,query40,1557.8797101974487,6.8447000000000005,441.29679999999996,1999.6370872085572,3526325.1492576194,0,895.7170248031616,8.2318,333.4585,1229.1992474517824,561499.5147619476,2,107.83829999999995,1.32,True
24,query65,3270.7218170166016,47.6259,445.9557,3717.13809402771,3526325.1492576194,0,1557.4998617172241,52.951499999999996,336.81010000000003,1894.3336843658449,561499.5147619476,2,109.14559999999994,1.32,True
25,query1,4.095315933227539,105.57919999999999,499.3335,503.88939294433595,3526325.1492576194,0,0.0,77.5505,389.6444,389.6681226486206,561499.5147619476,2,109.6891,1.28,True
26,query118,16186.702013015747,7.785500000000001,1872.7965,18059.959090026856,3526325.1492576194,0,3945.8763122558594,10.7104,1714.3039,5660.20393490448,561499.5147619476,2,158.4925999999998,1.09,True
27,query73,4142.13707447052,73.2989,1660.6133000000002,5803.210951481628,3526325.1492576194,0,1773.8817930221558,69.5731,1478.0089,3251.914415670776,561499.5147619476,2,182.60440000000017,1.12,True
28,query33,685.1366281509399,15.465,1512.4028999999998,2198.0001051620484,3526325.1492576194,0,491.35801792144775,23.733700000000002,1285.4551999999999,1776.8369405700682,561499.5147619476,2,226.94769999999994,1.18,True
29,query101,10905.466055870056,8.0533,1319.5902,12225.516832881165,3526325.1492576194,0,3060.5234384536743,7.4044,1086.8642,4147.411361102295,561499.5147619476,2,232.7260000000001,1.21,True
30,query145,47080.32076358795,71.2689,2209.9236,49290.70494059906,3526325.1492576194,0,5338.069844245911,63.9294,1974.4852999999998,7312.5788668945315,561499.5147619476,2,235.43830000000025,1.12,True
31,query102,11159.1078042984,5.0073,2289.6264,13449.194781309508,3526325.1492576194,0,3120.2351093292236,4.8916,1993.0938999999998,5113.352731977844,561499.5147619476,2,296.53250000000025,1.15,True
32,query117,15660.292196273804,8.9528,1635.4778000000001,17296.230573284913,3526325.1492576194,0,3899.5879650115967,8.1586,1323.2356,5222.847287660217,561499.5147619476,2,312.24220000000014,1.24,True
33,query12,53.64077091217041,117.35799999999999,1867.5106,1921.6119479232789,3526325.1492576194,0,56.41028881072998,88.0509,1554.7640000000001,1611.1980114593507,561499.5147619476,2,312.74659999999994,1.2,True
34,query16,75.70219039916992,106.81099999999999,1176.9666,1253.1293674102783,3526325.1492576194,0,83.77420902252197,56.798500000000004,859.9116,943.7095316711426,561499.5147619476,2,317.05499999999995,1.37,True
35,query146,48354.08864021301,76.79929999999999,2954.5484,51309.09761722412,3526325.1492576194,0,5377.129364013672,85.05940000000001,2632.5837,8009.736786662293,561499.5147619476,2,321.9647,1.12,True
36,query23,120.58737277984619,103.33,702.2454,823.2933497909546,3526325.1492576194,0,132.99880027770996,19.191899999999997,375.9737,508.9962229263306,561499.5147619476,2,326.2717,1.87,True
37,query86,7458.0825090408325,7.5665000000000004,998.4385,8456.981586051941,3526325.1492576194,0,2331.1432600021362,5.9819,671.7101,3002.8770826507566,561499.5147619476,2,326.72839999999997,1.49,True
38,query90,8346.942162513733,2.9773,1357.999,9705.401739524841,3526325.1492576194,0,2485.2582454681396,1.7756,1025.1257,3510.40766811676,561499.5147619476,2,332.8733,1.32,True
39,query8,27.997708320617676,102.8703,1680.7679,1709.2261853317261,3526325.1492576194,0,33.914995193481445,85.35900000000001,1343.3009,1377.239617842102,561499.5147619476,2,337.4670000000001,1.25,True
40,query76,4702.27198600769,42.2479,2344.1276,7046.860163018799,3526325.1492576194,0,1828.7739515304565,40.213499999999996,1980.5285,3809.3261741790775,561499.5147619476,2,363.5990999999999,1.18,True
41,query48,1953.3542394638062,39.613299999999995,635.3303,2589.1451164749146,3526325.1492576194,0,1189.2270803451538,39.7294,236.1642,1425.4150029937744,561499.5147619476,2,399.1661,2.69,True
42,query6,15.50741195678711,98.8729,1328.1643,1344.1322889678954,3526325.1492576194,0,22.475457191467285,70.92609999999999,928.7385,951.2376798400879,561499.5147619476,2,399.42579999999987,1.43,True
43,query53,2291.915249824524,21.600900000000003,1500.9896,3793.365426835632,3526325.1492576194,0,1325.1346111297607,3.8918,1041.0981,2366.2564337783815,561499.5147619476,2,459.8915000000002,1.44,True
44,query92,8703.716087341309,1.7609,999.8735,9704.050164352417,3526325.1492576194,0,2578.7686824798584,1.5485,529.1102,3107.902605128479,561499.5147619476,2,470.7633000000001,1.89,True
45,query13,59.375929832458496,115.2456,1230.5084,1290.3449068435668,3526325.1492576194,0,62.0943546295166,81.94059999999999,751.2313,813.3493772781372,561499.5147619476,2,479.2770999999999,1.64,True
46,query14,65.06147384643555,114.6276,1131.7588,1197.280850857544,3526325.1492576194,0,73.2682466506958,75.498,649.3061,722.5980692993164,561499.5147619476,2,482.45270000000005,1.74,True
47,query9,35.64465045928955,107.9731,2317.5888999999997,2353.6941274703977,3526325.1492576194,0,39.29438591003418,92.2311,1786.2226999999998,1825.5408085586546,561499.5147619476,2,531.3661999999999,1.3,True
48,query24,125.99334716796875,99.2536,1128.6921,1255.1460241790771,3526325.1492576194,0,148.8494634628296,25.353,595.9163000000001,744.7894861114503,561499.5147619476,2,532.7757999999999,1.89,True
49,query26,138.01031112670898,89.6505,1607.2486000000001,1745.7194881378175,3526325.1492576194,0,171.8770980834961,47.3935,1038.7958,1210.6966207321168,561499.5147619476,2,568.4528,1.55,True
50,query42,1646.0041522979736,8.7018,2107.2354,3753.700129309082,3526325.1492576194,0,999.9383449554443,8.7847,1527.1233,2527.085367604065,561499.5147619476,2,580.1121,1.38,True
51,query7,22.07956314086914,103.22740000000002,1317.3175999999999,1339.8577401519774,3526325.1492576194,0,28.23312282562256,85.5728,728.5504,756.8072454742431,561499.5147619476,2,588.7671999999999,1.81,True
52,query109,12787.294101715088,64.41760000000001,1573.3069,14361.061578726196,3526325.1492576194,0,3440.9594535827637,62.48909999999999,957.4950999999999,4398.478276231384,561499.5147619476,2,615.8118000000002,1.64,True
53,query19,98.39692115783691,106.37010000000001,1305.6358,1404.4932981689453,3526325.1492576194,0,98.63550662994385,48.0341,689.5594,788.2186292785644,561499.5147619476,2,616.0764,1.89,True
54,query82,6239.898419380188,4.7094000000000005,1805.0816,8045.440596391297,3526325.1492576194,0,2075.8954763412476,4.1771,1187.1383,3263.0574989898682,561499.5147619476,2,617.9432999999999,1.52,True
55,query110,13154.975438117981,67.24069999999999,1160.5066,14315.942615129088,3526325.1492576194,0,3476.4460802078247,1.0252000000000001,539.5983,4016.0681028564454,561499.5147619476,2,620.9082999999999,2.15,True
56,query17,81.04367256164551,112.42439999999999,1214.4557,1295.9599495727539,3526325.1492576194,0,88.08932304382324,73.4991,541.8492,629.9622456924438,561499.5147619476,2,672.6065,2.24,True
57,query21,108.94906520843506,113.16929999999999,1906.3788,2015.7884422195434,3526325.1492576194,0,113.20979595184326,46.314099999999996,1217.3848,1330.618318600464,561499.5147619476,2,688.9939999999999,1.57,True
58,query116,15117.276406288147,10.0429,2766.7136,17884.450583299255,3526325.1492576194,0,3833.2914113998413,8.7142,2051.9885999999997,5885.303734048462,561499.5147619476,2,714.7250000000004,1.35,True
59,query27,144.64268684387207,92.87780000000001,1674.9991999999997,1820.1024638549802,3526325.1492576194,0,189.16027545928955,45.4724,900.2274,1089.4113981079101,561499.5147619476,2,774.7717999999998,1.86,True
60,query72,3929.6797275543213,85.724,3663.3188,7593.459104565431,3526325.1492576194,0,1745.009207725525,66.619,2863.6686999999997,4608.701630374146,561499.5147619476,2,799.6501000000003,1.28,True
61,query99,10405.322813987732,18.903200000000002,1788.902,12194.68539099884,3526325.1492576194,0,2973.237466812134,16.8946,988.3708,3961.631989460754,561499.5147619476,2,800.5312,1.81,True
62,query112,13792.114067077637,62.021,2369.1344,16161.709044088746,3526325.1492576194,0,3606.8433046340942,63.90839999999999,1561.9945,5168.861527282715,561499.5147619476,2,807.1398999999999,1.52,True
63,query11,46.97766304016113,107.56089999999999,2019.5201000000002,2066.9583400512697,3526325.1492576194,0,50.70044994354248,81.1451,1204.2522000000001,1254.9763725921632,561499.5147619476,2,815.2679,1.68,True
64,query81,5968.91622543335,3.8082000000000003,1884.3054,7853.682202444458,3526325.1492576194,0,2030.463457107544,4.1166,1046.7078999999999,3077.1950797561644,561499.5147619476,2,837.5975000000001,1.8,True
65,query18,86.4436388015747,108.74859999999998,2246.349,2333.2532158126833,3526325.1492576194,0,93.05353164672852,59.7638,1377.8836,1470.960854295349,561499.5147619476,2,868.4654000000003,1.63,True
66,query80,5786.9136571884155,3.5665999999999998,1654.9575,7442.331734199523,3526325.1492576194,0,1987.0402574539185,1.7863,734.807,2721.870980102539,561499.5147619476,2,920.1505,2.25,True
67,query20,103.35302352905273,104.8098,2320.9862000000003,2424.7998005401614,3526325.1492576194,0,107.72254467010498,43.0715,1396.3637999999999,1504.1100673187254,561499.5147619476,2,924.6224000000004,1.66,True
68,query139,32800.937938690186,37.0224,2507.0877,35308.48621570129,3526325.1492576194,0,5092.233324050903,8.531,1513.7225,6605.979546699525,561499.5147619476,2,993.3652,1.66,True
69,query25,132.13930130004883,107.2082,3214.7653999999998,3347.3652783111575,3526325.1492576194,0,161.17219924926758,49.888099999999994,2166.4304,2327.6263218978884,561499.5147619476,2,1048.3349999999996,1.48,True
70,query45,1788.902235031128,16.804499999999997,1250.4054,3039.7682120422364,3526325.1492576194,0,1089.7842168807983,25.1326,194.2009,1284.008839529419,561499.5147619476,2,1056.2045,6.44,True
71,query96,9546.649289131165,30.061,2899.5033,12446.613166142273,3526325.1492576194,0,2796.619153022766,28.8553,1803.4971,4600.139975671386,561499.5147619476,2,1096.0061999999998,1.61,True
72,query46,1835.9178066253662,72.7979,1564.7540000000001,3401.1323836364745,3526325.1492576194,0,1131.4056634902954,84.3928,444.85600000000005,1576.285386138916,561499.5147619476,2,1119.8980000000001,3.52,True
73,query10,41.01831912994385,108.51020000000001,2787.3357,2828.8145961410523,3526325.1492576194,0,44.811415672302246,71.4704,1535.3364,1580.1715383209228,561499.5147619476,2,1251.9993000000002,1.82,True
74,query93,8961.434602737427,4.9893,1973.5524,10935.447579748536,3526325.1492576194,0,2640.533757209778,0.9195,610.3286,3250.8860798583983,561499.5147619476,2,1363.2238,3.23,True
75,query119,16802.481865882874,11.316300000000002,2586.5448,19389.48724289398,3526325.1492576194,0,3976.086640357971,1.918,1046.4280999999999,5022.538463006592,561499.5147619476,2,1540.1167000000003,2.47,True
76,query111,13443.089818954468,69.902,3471.3885999999998,16914.938995965575,3526325.1492576194,0,3543.583083152771,60.9529,1905.0482,5448.655005801392,561499.5147619476,2,1566.3403999999998,1.82,True
77,query103,11406.420350074768,18.9618,2581.5986000000003,13988.479527085878,3526325.1492576194,0,3161.819648742676,4.8662,976.2431,4138.086471391297,561499.5147619476,2,1605.3555000000001,2.64,True
78,query2,0.0,98.7025,2344.546,2345.006577011108,3526325.1492576194,0,3.2793521881103516,46.480900000000005,683.9945,687.297574836731,561499.5147619476,2,1660.5514999999998,3.43,True
79,query94,9155.651783943176,4.8077,2417.2779,11573.390260954284,3526325.1492576194,0,2697.9217290878296,1.7474,738.1719,3436.11735173645,561499.5147619476,2,1679.106,3.27,True
80,query95,9330.380249023438,29.0063,3836.4945999999995,13167.335426034546,3526325.1492576194,0,2752.755880355835,1.017,2141.5771,4894.356703004456,561499.5147619476,2,1694.9174999999996,1.79,True
81,query79,5487.130403518677,46.6109,3892.397,9379.987980529786,3526325.1492576194,0,1936.6274118423462,3.2404,2152.9576,4089.608734490967,561499.5147619476,2,1739.4393999999998,1.81,True
82,query91,8507.28874206543,3.6536999999999997,3146.483,11654.232319076538,3526325.1492576194,0,2533.730626106262,1.4727000000000001,1357.6887000000002,3891.443048754883,561499.5147619476,2,1788.7943,2.32,True
83,query5,9.685659408569336,109.269,2831.0555,2841.2017364196777,3526325.1492576194,0,17.036962509155273,49.5287,983.2609,1000.3215851577759,561499.5147619476,2,1847.7946,2.88,True
84,query4,4.230022430419922,111.9387,3773.3144,3778.0049994415285,3526325.1492576194,0,11.795449256896973,46.2004,1233.5538000000001,1245.3729719055177,561499.5147619476,2,2539.7606,3.06,True
85,query37,1392.8894519805908,56.518600000000006,4171.8307,5565.1807289917,3526325.1492576194,0,809.6480131149292,58.293000000000006,1456.1618999999998,2265.83363576355,561499.5147619476,2,2715.6688000000004,2.86,True
86,query3,0.9502649307250977,112.36189999999999,3959.4801999999995,3960.891041941833,3526325.1492576194,0,6.957077980041504,46.4798,1239.1781,1246.1589006286622,561499.5147619476,2,2720.3020999999994,3.2,True
87,query50,2070.366144180298,37.7144,3234.7311999999997,5305.557921191406,3526325.1492576194,0,1252.4688959121704,39.2347,216.0609,1468.553518560791,561499.5147619476,2,3018.6702999999998,14.97,True
88,query15,69.9514627456665,106.71110000000002,4225.5223,4295.9343397567745,3526325.1492576194,0,78.48691940307617,46.741,961.15,1039.6606420516969,561499.5147619476,2,3264.3722999999995,4.4,True
89,query29,155.71513175964355,72.2307,4774.445900000001,4930.621608770753,3526325.1492576194,0,226.20158195495605,13.463999999999999,1449.5954,1675.8207046035768,561499.5147619476,2,3324.8505000000005,3.29,True
90,query22,114.22591209411621,107.9272,4666.795,4781.481489105225,3526325.1492576194,0,122.43907451629639,22.485,1169.2663,1291.729097164917,561499.5147619476,2,3497.5287,3.99,True
91,query44,1732.972502708435,14.7085,4888.8688,6622.301879719543,3526325.1492576194,0,1051.8307447433472,2.989,1148.4673,2200.3217673919676,561499.5147619476,2,3740.4015,4.26,True
92,query66,3360.799527168274,53.6476,4565.6985,7926.958604179383,3526325.1492576194,0,1567.0937061309814,30.6072,727.129,2294.246428779602,561499.5147619476,2,3838.5695000000005,6.28,True
93,query43,1684.5052003860474,14.0173,5551.1375,7236.103277397156,3526325.1492576194,0,1039.345359802246,2.548,1124.7251,2164.094182450867,561499.5147619476,2,4426.412399999999,4.94,True
94,query84,7037.740898132324,5.4155999999999995,5832.9698,12871.171275143433,3526325.1492576194,0,2256.194281578064,1.5859999999999999,1144.5512,3400.769204226685,561499.5147619476,2,4688.4186,5.1,True
95,query88,7970.928359031677,3.9369,5555.0136,13526.402536042786,3526325.1492576194,0,2401.5137672424316,1.1358000000000001,794.488,3196.0254898910525,561499.5147619476,2,4760.5256,6.99,True
96,query144,45301.843214035034,46.9053,14705.0639,60007.367691046136,3526325.1492576194,0,5295.7589864730835,43.657799999999995,9846.8207,15142.603409121704,561499.5147619476,2,4858.243199999999,1.49,True
97,query39,1497.8005647659302,16.1613,6384.1152,7882.376341777039,3526325.1492576194,0,872.2902774810791,3.0414000000000003,1240.2376,2112.5516001296996,561499.5147619476,2,5143.8776,5.15,True
98,query60,2809.6038579940796,46.9189,7431.6053,10241.669735005187,3526325.1492576194,0,1448.761510848999,7.0095,1523.5957,2972.38093349762,561499.5147619476,2,5908.0096,4.88,True
99,query114,14316.004180908203,9.7648,13043.227,27359.691757919314,3526325.1492576194,0,3738.746428489685,8.8158,7003.123600000001,10741.893751138306,561499.5147619476,2,6040.1034,1.86,True
100,query121,17690.74501991272,8.4822,7883.0939,25574.299496923828,3526325.1492576194,0,4064.3685579299927,1.8997999999999997,1166.8845,5231.276780578613,561499.5147619476,2,6716.2094,6.76,True
101,query106,12142.490100860596,15.081800000000001,8029.5724,20172.5230778717,3526325.1492576194,0,3299.471116065979,18.3334,587.3932,3886.8880387145996,561499.5147619476,2,7442.1792000000005,13.67,True
102,query131,24708.29610824585,36.7839,9051.7384,33760.49508525696,3526325.1492576194,0,4643.624687194824,4.2935,1297.3171,5940.965509843445,561499.5147619476,2,7754.4213,6.98,True
103,query138,31884.442019462585,25.844100000000005,17393.591500000002,49278.494096473696,3526325.1492576194,0,5046.390676498413,21.0389,9525.6881,14572.102499147033,561499.5147619476,2,7867.903400000003,1.83,True
104,query31,168.4326171875,69.9461,10244.287699999999,10413.180894198607,3526325.1492576194,0,251.1845588684082,14.8173,1120.2823,1371.4905815170289,561499.5147619476,2,9124.005399999998,9.14,True
105,query35,1310.689401626587,19.2607,11853.1206,13164.270578637696,3526325.1492576194,0,758.0416440963745,2.9554,866.1151,1624.180466744995,561499.5147619476,2,10987.0055,13.69,True
106,query124,19460.45846939087,16.9607,17502.1604,36963.07944640198,3526325.1492576194,0,4248.873162269592,13.0348,6430.0671,10678.963984918213,561499.5147619476,2,11072.0933,2.72,True
107,query74,4312.532949447632,43.7552,24768.8105,29081.80402645874,3526325.1492576194,0,1794.4733142852783,36.846199999999996,13464.3657,15258.8627369339,561499.5147619476,2,11304.4448,1.84,True
108,query49,2030.1059484481812,36.8695,13322.8576,15353.424125459289,3526325.1492576194,0,1215.941882133484,14.757200000000001,790.2165,2006.1821047821045,561499.5147619476,2,12532.641099999999,16.86,True
109,query28,150.47390460968018,78.4123,14753.496599999999,14904.431081620787,3526325.1492576194,0,208.552885055542,13.8723,1703.7923999999998,1912.3690077041624,561499.5147619476,2,13049.704199999998,8.66,True
110,query115,14706.295228004456,12.262899999999998,29562.792999999998,44269.54880501557,3526325.1492576194,0,3788.254165649414,12.071299999999999,15841.5927,19629.870588298036,561499.5147619476,2,13721.200299999999,1.87,True
111,query132,25137.21251487732,36.500099999999996,28763.809999999998,53901.483091888425,3526325.1492576194,0,4701.616311073303,36.7014,14929.838,19631.478033721924,561499.5147619476,2,13833.971999999998,1.93,True
112,query77,5029.197430610657,42.7565,16295.2057,21324.863707621764,3526325.1492576194,0,1868.8239812850952,4.188000000000001,1685.0904999999998,3553.9382039337156,561499.5147619476,2,14610.1152,9.67,True
113,query56,2507.1149110794067,14.9372,17176.2546,19683.830088090515,3526325.1492576194,0,1378.78897190094,3.8287999999999998,808.1483000000001,2186.9609945495604,561499.5147619476,2,16368.1063,21.25,True
114,query113,14027.941250801086,13.0915,18148.9712,32177.373027812195,3526325.1492576194,0,3656.141233444214,1.4846,1127.8563,4784.021256092835,561499.5147619476,2,17021.1149,16.09,True
115,query134,27336.30015850067,30.7385,21923.8459,49260.60663551178,3526325.1492576194,0,4837.726521492004,32.0505,556.0537999999999,5393.804044140625,561499.5147619476,2,21367.7921,39.43,True
116,query97,9720.482873916626,14.7407,38084.0978,47805.04125092774,3526325.1492576194,0,2868.8406944274902,14.032900000000001,14759.380799999999,17628.24521707611,561499.5147619476,2,23324.717000000004,2.58,True
117,query85,7225.977087020874,4.9902999999999995,26532.5229,33758.96056403198,3526325.1492576194,0,2292.377281188965,1.1223,649.0254,2941.4264038375854,561499.5147619476,2,25883.4975,40.88,True
118,query143,39877.99713611603,101.2396,181546.4866,221424.94431312714,3526325.1492576194,0,5245.325589179993,90.0626,155469.0893,160714.4386118286,561499.5147619476,2,26077.39730000001,1.17,True
119,query98,9992.27318763733,23.7419,30722.213300000003,40714.94706464844,3526325.1492576194,0,2927.0288705825806,2.2211,1221.0525,4148.105093231201,561499.5147619476,2,29501.1608,25.16,True
120,query71,3808.0090522766113,69.74980000000001,42089.5836,45898.05322928772,3526325.1492576194,0,1717.0341968536377,6.122,8044.0136,9761.071519502259,561499.5147619476,2,34045.57,5.23,True
121,query104,11616.694808006287,12.5529,38981.9399,50599.09528501739,3526325.1492576194,0,3210.869073867798,1.4878,1438.1507,4649.043496516419,561499.5147619476,2,37543.7892,27.11,True
122,query38,1436.8995428085327,17.8861,41052.2367,42489.59681981964,3526325.1492576194,0,842.0302867889404,2.2027,1114.7195,1956.773509437561,561499.5147619476,2,39937.5172,36.83,True
123,query47,1879.7858953475952,45.207100000000004,42320.3385,44200.5849723587,3526325.1492576194,0,1164.5374536514282,4.6366,897.8386,2062.399776300049,561499.5147619476,2,41422.499899999995,47.14,True
124,query30,161.41226291656494,72.49510000000001,223131.15640000004,223293.0292399277,3526325.1492576194,0,237.6082420349121,35.0104,174333.51499999998,174571.14696468352,561499.5147619476,2,48797.64140000005,1.28,True
125,query142,37005.41880130768,86.53540000000001,102199.4317,139205.3110783188,3526325.1492576194,0,5223.16255569458,93.362,53056.851599999995,58280.037878343195,561499.5147619476,2,49142.58010000001,1.93,True
126,query69,3608.038878440857,81.40209999999999,52743.54349999999,56352.04295545196,3526325.1492576194,0,1645.0235605239868,4.7869,2482.2269,4127.274183172607,561499.5147619476,2,50261.31659999999,21.25,True
127,query133,26217.430233955383,39.4604,57554.292,83772.18281096648,3526325.1492576194,0,4765.304160118103,37.7753,6625.7892999999995,11391.117182766724,561499.5147619476,2,50928.502700000005,8.69,True
128,query32,174.16439056396484,71.1151,54827.7063,55002.33126757507,3526325.1492576194,0,261.64538860321045,13.244,1864.2121,2125.881211251831,561499.5147619476,2,52963.4942,29.41,True
129,query52,2196.169352531433,33.1733,98499.2815,100695.91142954254,3526325.1492576194,0,1295.3057289123535,33.5693,44285.8971,45581.226551560976,561499.5147619476,2,54213.384399999995,2.22,True
130,query70,3684.6997499465942,74.6832,77627.8747,81313.0350269577,3526325.1492576194,0,1692.3795700073242,5.3746,2492.4847,4184.887992655945,561499.5147619476,2,75135.39,31.14,True
131,query51,2130.144429206848,38.5225,85054.443,87185.04800621796,3526325.1492576194,0,1278.1761407852173,4.2174,1488.2754,2766.475263433838,561499.5147619476,2,83566.1676,57.15,True
132,query57,2586.7751121520996,21.9,86519.81019999999,89107.0458891632,3526325.1492576194,0,1390.9511089324951,21.497700000000002,275.4275,1666.402331581116,561499.5147619476,2,86244.38269999999,314.13,True
133,query105,11789.209818840027,11.6994,93391.4685,105181.13889585114,3526325.1492576194,0,3265.9996032714844,2.4695,1044.3514,4310.3747259201045,561499.5147619476,2,92347.1171,89.43,True
134,query123,18903.529477119446,8.3619,98108.95999999999,117012.95005413056,3526325.1492576194,0,4182.882332801819,1.6219999999999999,849.3281999999999,5032.234255450439,561499.5147619476,2,97259.63179999999,115.51,True
135,query141,35573.00097942352,94.7724,104099.38739999999,139672.84895643464,3526325.1492576194,0,5203.884935379028,4.8514,2261.2218000000003,7465.130458027648,561499.5147619476,2,101838.1656,46.04,True
136,query136,29669.71321105957,35.5532,115396.83729999998,145067.0110880707,3526325.1492576194,0,4976.135349273682,2.8390999999999997,1176.3346,6152.493671922302,561499.5147619476,2,114220.50269999998,98.1,True
137,query140,34541.18242263794,89.5756,144940.90519999998,179482.54819964906,3526325.1492576194,0,5147.423267364502,4.674200000000001,2135.7709999999997,7283.217990013121,561499.5147619476,2,142805.13419999997,67.86,True
138,query108,12537.640380859375,17.3605,216486.6556,229024.75655787048,3526325.1492576194,0,3409.894585609436,1.6021,929.0126,4338.930908258057,561499.5147619476,2,215557.643,233.03,True
139,query34,1287.2518062591553,18.1249,225611.7639,226899.47628327025,3526325.1492576194,0,747.179651260376,2.3941,746.6220000000001,1493.8253739089964,561499.5147619476,2,224865.1419,302.18,True
140,query107,12338.411784172058,15.1661,236561.92919999998,248900.80156118315,3526325.1492576194,0,3354.1579484939575,2.122,734.8581,4089.039771142578,561499.5147619476,2,235827.07109999997,321.92,True
141,query68,3548.527932167053,76.6892,247658.0824,251207.07090917818,3526325.1492576194,0,1612.6047134399414,3.9531,2697.3981,4310.026536088562,561499.5147619476,2,244960.68430000002,91.81,True
142,query126,20792.051315307617,16.8131,966846.8973999999,987639.4092923186,3526325.1492576194,0,4344.913077354431,31.4501,731.2003,5076.137100003051,561499.5147619476,2,966115.6970999999,1322.27,True
143,query58,2633.5622787475586,51.487,3135018.1848999998,3137652.2077557584,3526325.1492576194,0,1413.2689476013184,5.2425,1426.1907999999999,2839.483470249939,561499.5147619476,2,3133591.9941,2198.18,True
144,query120,17383.18350315094,7.8628,3140158.9605,3157542.604580162,3526325.1492576194,0,4023.9606380462646,1.3358,1370.7631000000001,5394.747460694885,561499.5147619476,2,3138788.1974,2290.81,True
145,query122,18237.65835762024,12.0393,3508075.4515999993,3526313.5705346307,3526325.1492576194,0,4138.071250915527,1.0083,1184.1594,5322.2543735641475,561499.5147619476,2,3506891.2921999996,2962.5,True
