index,query_id,start_time_x,planning_time_x,execution_time_x,execution_start_time_x,workload_time_x,ID_x,start_time_y,planning_time_y,execution_time_y,execution_start_time_y,workload_time_y,ID_y,diff,diffratio,PN
0,query5,0.8449077606201172,0.0,5101.45161151886,5104.876279830933,4410317.898726463,0,5.859947204589844,0.0,1091543.8063144684,1091549.666261673,1091549.666261673,2,-1086442.3547029495,-213.97,False
1,query110,8737.0197057724,0.0,1853.981876373291,10593.581342697144,4410317.898726463,0,3179.054307937622,0.0,1065010.9513759613,1068190.005683899,1091549.666261673,2,-1063156.969499588,-574.45,False
2,query61,1767.3677206039429,0.0,1478.4817934036255,3248.429274559021,4410317.898726463,0,1463.141107559204,0.0,742745.7597732544,744208.9008808136,1091549.666261673,2,-741267.2779798508,-502.37,False
3,query46,1097.8362083435059,0.0,1156.3080787658691,2256.7240476608276,4410317.898726463,0,1302.1787643432617,0.0,447891.0442352295,449193.22299957275,1091549.666261673,2,-446734.7361564636,-387.35,False
4,query126,11971.81658744812,0.0,640021.7977046967,651996.1940526962,4410317.898726463,0,4173.197317123413,0.0,665986.3304615021,670159.5277786255,1091549.666261673,2,-25964.53275680542,-1.04,False
5,query54,1376.8261909484863,0.0,392.7462100982666,1772.1521615982056,4410317.898726463,0,1377.0896911621094,0.0,14485.574865341187,15862.664556503296,1091549.666261673,2,-14092.82865524292,-36.88,False
6,query74,2754.0037393569946,0.0,18687.59698867798,21444.180488586426,4410317.898726463,0,1766.622018814087,0.0,20417.944717407227,22184.566736221313,1091549.666261673,2,-1730.347728729248,-1.09,False
7,query12,24.55458641052246,0.0,1477.4616718292236,1504.5960187911987,4410317.898726463,0,35.53142547607422,0.0,1931.9249153137207,1967.456340789795,1091549.666261673,2,-454.46324348449707,-1.31,False
8,query10,14.87739086151123,0.0,904.2004823684692,921.6576337814331,4410317.898726463,0,25.009584426879883,0.0,1271.1602687835693,1296.1698532104492,1091549.666261673,2,-366.9597864151001,-1.41,False
9,query23,91.26503467559814,0.0,946.7734098434448,1040.6182050704956,4410317.898726463,0,84.55276489257812,0.0,1283.951711654663,1368.5044765472412,1091549.666261673,2,-337.17830181121826,-1.36,False
10,query24,96.08917236328125,0.0,991.7229175567627,1090.3918504714966,4410317.898726463,0,88.52167129516602,0.0,1265.4764652252197,1353.9981365203857,1091549.666261673,2,-273.75354766845703,-1.28,False
11,query17,55.85508346557617,0.0,971.3958740234375,1029.8307180404663,4410317.898726463,0,56.99124336242676,0.0,1241.2309169769287,1298.2221603393555,1091549.666261673,2,-269.8350429534912,-1.28,False
12,query27,113.02886009216309,0.0,1044.4948434829712,1160.103464126587,4410317.898726463,0,101.6225814819336,0.0,1291.0189628601074,1392.641544342041,1091549.666261673,2,-246.52411937713623,-1.24,False
13,query14,37.12430000305176,0.0,1080.7032823562622,1120.4073429107666,4410317.898726463,0,47.975730895996094,0.0,1321.6858863830566,1369.6616172790527,1091549.666261673,2,-240.98260402679443,-1.22,False
14,query21,81.23171329498291,0.0,985.4537010192871,1069.2651748657227,4410317.898726463,0,75.5042552947998,0.0,1219.2695140838623,1294.773769378662,1091549.666261673,2,-233.8158130645752,-1.24,False
15,query26,106.44166469573975,0.0,670.038628578186,779.0600538253784,4410317.898726463,0,97.48244285583496,0.0,875.8553504943848,973.3377933502197,1091549.666261673,2,-205.81672191619873,-1.31,False
16,query18,59.61272716522217,0.0,1201.051115989685,1263.2436037063599,4410317.898726463,0,61.654043197631836,0.0,1386.0998630523682,1447.75390625,1091549.666261673,2,-185.0487470626831,-1.15,False
17,query13,33.76944065093994,0.0,1262.7247095108032,1299.0739107131958,4410317.898726463,0,40.4881477355957,0.0,1435.4449272155762,1475.9330749511719,1091549.666261673,2,-172.72021770477295,-1.14,False
18,query33,550.1010656356812,0.0,829.2435646057129,1381.9243907928467,4410317.898726463,0,563.4563446044922,0.0,982.3221206665039,1545.778465270996,1091549.666261673,2,-153.07855606079102,-1.18,False
19,query8,9.747886657714844,0.0,806.735110282898,819.0627574920654,4410317.898726463,0,20.025300979614258,0.0,952.3962497711182,972.4215507507324,1091549.666261673,2,-145.66113948822021,-1.18,False
20,query16,50.75547695159912,0.0,783.6267232894897,836.9619607925415,4410317.898726463,0,51.978254318237305,0.0,919.7156429290771,971.6938972473145,1091549.666261673,2,-136.0889196395874,-1.17,False
21,query11,20.157861709594727,0.0,838.3706331253052,861.1082553863525,4410317.898726463,0,32.67083168029785,0.0,937.0123863220215,969.6832180023193,1091549.666261673,2,-98.64175319671631,-1.12,False
22,query20,77.04346179962158,0.0,1302.8432130813599,1382.466435432434,4410317.898726463,0,70.91560363769531,0.0,1379.8896789550781,1450.8052825927734,1091549.666261673,2,-77.04646587371826,-1.06,False
23,query29,121.04225158691406,0.0,1169.3593502044678,1292.9813623428345,4410317.898726463,0,113.20610046386719,0.0,1246.3798522949219,1359.585952758789,1091549.666261673,2,-77.0205020904541,-1.07,False
24,query7,4.25717830657959,0.0,895.5766677856445,902.4136066436768,4410317.898726463,0,14.469766616821289,0.0,952.1230220794678,966.5927886962891,1091549.666261673,2,-56.54635429382324,-1.06,False
25,query9,12.386417388916016,0.0,1413.5863065719604,1428.552484512329,4410317.898726463,0,22.002363204956055,0.0,1446.8652725219727,1468.8676357269287,1091549.666261673,2,-33.27896595001221,-1.02,False
26,query19,68.89495849609375,0.0,571.4081525802612,642.8828716278076,4410317.898726463,0,67.14801788330078,0.0,594.5882797241211,661.7362976074219,1091549.666261673,2,-23.180127143859863,-1.04,False
27,query83,4110.403394699097,0.0,1614.5726919174194,5727.555847167969,4410317.898726463,0,2039.0844821929932,0.0,1623.676586151123,3662.761068344116,1091549.666261673,2,-9.103894233703613,-1.01,False
28,query1,1.5198945999145508,0.0,553.9288759231567,558.0285310745239,4410317.898726463,0,0.0,0.0,561.4015102386475,561.4015102386475,1091549.666261673,2,-7.472634315490723,-1.01,False
29,query62,1820.3626155853271,0.0,545.9018230438232,2368.844199180603,4410317.898726463,0,1466.0171031951904,0.0,544.3235397338867,2010.3406429290771,1091549.666261673,2,1.5782833099365234,1.0,True
30,query6,2.5591611862182617,0.0,916.5057897567749,921.6447114944458,4410317.898726463,0,11.690044403076172,0.0,899.512767791748,911.2028121948242,1091549.666261673,2,16.993021965026855,1.02,True
31,query57,1487.606143951416,0.0,381.7624807357788,1871.9483852386475,4410317.898726463,0,1408.5290908813477,0.0,356.246280670166,1764.7753715515137,1091549.666261673,2,25.516200065612793,1.07,True
32,query25,100.35247802734375,0.0,1241.7568683624268,1344.6891069412231,4410317.898726463,0,93.09239387512207,0.0,1214.2516136169434,1307.3440074920654,1091549.666261673,2,27.5052547454834,1.02,True
33,query36,795.2789545059204,0.0,477.3202657699585,1275.1789808273315,4410317.898726463,0,971.3632583618164,0.0,443.67198944091797,1415.0352478027344,1091549.666261673,2,33.64827632904053,1.08,True
34,query125,11779.693150520325,0.0,684.060788154602,12466.33369922638,4410317.898726463,0,4061.683750152588,0.0,640.7480716705322,4702.43182182312,1091549.666261673,2,43.312716484069824,1.07,True
35,query40,860.8793258666992,0.0,348.03106784820557,1211.4901542663574,4410317.898726463,0,983.2786083221436,0.0,291.7631149291992,1275.0417232513428,1091549.666261673,2,56.26795291900635,1.19,True
36,query55,1417.8101539611816,0.0,335.2830410003662,1755.6729555130005,4410317.898726463,0,1385.8378887176514,0.0,278.4719944000244,1664.3098831176758,1091549.666261673,2,56.8110466003418,1.2,True
37,query41,887.6255512237549,0.0,185.1860523223877,1075.3913640975952,4410317.898726463,0,983.7082862854004,0.0,121.45299911499023,1105.1612854003906,1091549.666261673,2,63.73305320739746,1.52,True
38,query81,3818.3401584625244,0.0,638.5076999664307,4459.427618980408,4410317.898726463,0,1983.652639389038,0.0,561.8240833282471,2545.476722717285,1091549.666261673,2,76.6836166381836,1.14,True
39,query137,15994.806790351868,0.0,717.0989274978638,16714.485478401184,4410317.898726463,0,4729.22625541687,0.0,628.9266109466553,5358.152866363525,1091549.666261673,2,88.1723165512085,1.14,True
40,query127,12070.309495925903,0.0,1048.1878757476807,13121.077132225037,4410317.898726463,0,4204.539060592651,0.0,950.4473686218262,5154.9864292144775,1091549.666261673,2,97.74050712585449,1.1,True
41,query64,1984.8281145095825,0.0,1085.363245010376,3072.771120071411,4410317.898726463,0,1485.415267944336,0.0,965.9592628479004,2451.3745307922363,1091549.666261673,2,119.40398216247559,1.12,True
42,query63,1889.7027492523193,0.0,448.9394426345825,2341.2219524383545,4410317.898726463,0,1478.1630992889404,0.0,321.7569351196289,1799.9200344085693,1091549.666261673,2,127.18250751495361,1.4,True
43,query128,12243.741154670715,0.0,1123.229718208313,13369.550633430481,4410317.898726463,0,4256.117630004883,0.0,984.4554424285889,5240.573072433472,1091549.666261673,2,138.77427577972412,1.14,True
44,query67,2264.311933517456,0.0,601.2611627578735,2868.152856826782,4410317.898726463,0,1547.8731155395508,0.0,447.37935066223145,1995.2524662017822,1091549.666261673,2,153.8818120956421,1.34,True
45,query45,1079.6067953109741,0.0,489.1592025756836,1571.3457584381104,4410317.898726463,0,1254.3612003326416,0.0,322.74417877197266,1577.1053791046143,1091549.666261673,2,166.41502380371094,1.52,True
46,query100,6717.3295974731445,0.0,873.023509979248,7592.932868003845,4410317.898726463,0,2874.662160873413,0.0,701.763105392456,3576.425266265869,1091549.666261673,2,171.260404586792,1.24,True
47,query78,3101.2468099594116,0.0,1082.0165395736694,4185.843110084534,4410317.898726463,0,1877.5297164916992,0.0,890.0545597076416,2767.584276199341,1091549.666261673,2,191.96197986602783,1.22,True
48,query87,4603.443360328674,0.0,818.5511350631714,5424.574255943298,4410317.898726463,0,2210.037660598755,0.0,615.5166149139404,2825.5542755126953,1091549.666261673,2,203.03452014923096,1.33,True
49,query48,1147.5818872451782,0.0,646.792197227478,1796.953845024109,4410317.898726463,0,1309.8326206207275,0.0,440.87891578674316,1750.7115364074707,1091549.666261673,2,205.91328144073486,1.47,True
50,query133,13471.59993648529,0.0,7604.387068748474,21078.566765785217,4410317.898726463,0,4509.87434387207,0.0,7369.956827163696,11879.831171035767,1091549.666261673,2,234.43024158477783,1.03,True
51,query145,25223.498392105103,0.0,1161.9657278060913,26388.043880462646,4410317.898726463,0,5284.695100784302,0.0,914.4308567047119,6199.125957489014,1091549.666261673,2,247.5348711013794,1.27,True
52,query130,12538.148713111877,0.0,1522.3628997802734,14063.091373443604,4410317.898726463,0,4341.969537734985,0.0,1262.0824813842773,5604.052019119263,1091549.666261673,2,260.2804183959961,1.21,True
53,query117,10127.805876731873,0.0,1110.7927083969116,11241.178345680237,4410317.898726463,0,3573.0533123016357,0.0,827.6394367218018,4400.6927490234375,1091549.666261673,2,283.15327167510986,1.34,True
54,query92,5503.42104434967,0.0,748.375940322876,6254.376745223999,4410317.898726463,0,2488.549041748047,0.0,453.585147857666,2942.134189605713,1091549.666261673,2,294.79079246520996,1.65,True
55,query72,2628.5372257232666,0.0,1452.3865461349487,4083.503532409668,4410317.898726463,0,1713.8465404510498,0.0,1145.2007293701172,2859.047269821167,1091549.666261673,2,307.18581676483154,1.27,True
56,query82,3985.001587867737,0.0,1350.7102727890015,5338.291621208191,4410317.898726463,0,2001.626443862915,0.0,1035.4046821594238,3037.031126022339,1091549.666261673,2,315.30559062957764,1.3,True
57,query118,10286.367106437683,0.0,1429.376244544983,11718.323111534119,4410317.898726463,0,3675.467586517334,0.0,1107.651710510254,4783.119297027588,1091549.666261673,2,321.724534034729,1.29,True
58,query50,1243.011450767517,0.0,738.1379127502441,1983.7291240692139,4410317.898726463,0,1328.8269996643066,0.0,411.6065979003906,1740.4335975646973,1091549.666261673,2,326.5313148498535,1.79,True
59,query101,6907.507753372192,0.0,1185.1014614105225,8095.1889753341675,4410317.898726463,0,2900.1195430755615,0.0,851.4491081237793,3751.568651199341,1091549.666261673,2,333.65235328674316,1.39,True
60,query65,2090.366554260254,0.0,896.1148738861084,2989.061188697815,4410317.898726463,0,1514.4626140594482,0.0,529.7880172729492,2044.2506313323975,1091549.666261673,2,366.3268566131592,1.69,True
61,query94,5798.9121198654175,0.0,971.0308313369751,6772.522711753845,4410317.898726463,0,2574.980306625366,0.0,601.1209964752197,3176.101303100586,1091549.666261673,2,369.90983486175537,1.62,True
62,query99,6555.87592124939,0.0,1368.2851552963257,7926.740837097168,4410317.898726463,0,2839.3308639526367,0.0,981.0464382171631,3820.3773021698,1091549.666261673,2,387.2387170791626,1.39,True
63,query111,9035.654354095459,0.0,2288.4356260299683,11326.66974067688,4410317.898726463,0,3239.633321762085,0.0,1874.7697830200195,5114.4031047821045,1091549.666261673,2,413.66584300994873,1.22,True
64,query102,7116.218972206116,0.0,2027.2174835205078,9146.016216278076,4410317.898726463,0,2927.867555618286,0.0,1598.0791568756104,4525.9467124938965,1091549.666261673,2,429.13832664489746,1.27,True
65,query42,962.3698949813843,0.0,1347.469425201416,2312.419080734253,4410317.898726463,0,1101.298427581787,0.0,917.3110485076904,2018.6094760894775,1091549.666261673,2,430.1583766937256,1.47,True
66,query73,2692.624568939209,0.0,1691.6229963302612,4386.827325820923,4410317.898726463,0,1731.6324710845947,0.0,1202.6691913604736,2934.3016624450684,1091549.666261673,2,488.9538049697876,1.41,True
67,query86,4492.3508644104,0.0,1031.71808719635,5526.648712158203,4410317.898726463,0,2167.5390243530273,0.0,469.7256565093994,2637.2646808624268,1091549.666261673,2,561.9924306869507,2.2,True
68,query89,4884.216690063477,0.0,1587.4440431594849,6474.240493774414,4410317.898726463,0,2324.1170406341553,0.0,975.2993106842041,3299.4163513183594,1091549.666261673,2,612.1447324752808,1.63,True
69,query75,2860.9405040740967,0.0,4088.3330821990967,6951.853346824646,4410317.898726463,0,1814.2490863800049,0.0,3469.88468170166,5284.133768081665,1091549.666261673,2,618.4484004974365,1.18,True
70,query146,26208.503437042236,0.0,2013.000726699829,28224.083924293518,4410317.898726463,0,5359.450435638428,0.0,1387.8809928894043,6747.331428527832,1091549.666261673,2,625.1197338104248,1.45,True
71,query80,3435.399055480957,0.0,1125.7294178009033,4563.708233833313,4410317.898726463,0,1943.5804843902588,0.0,456.37569427490234,2399.956178665161,1091549.666261673,2,669.353723526001,2.47,True
72,query109,8573.615884780884,0.0,2267.08025932312,10843.275904655457,4410317.898726463,0,3134.9570751190186,0.0,1570.6021308898926,4705.559206008911,1091549.666261673,2,696.4781284332275,1.44,True
73,query112,9302.814626693726,0.0,2754.898476600647,12060.292863845825,4410317.898726463,0,3302.801990509033,0.0,2023.3924388885498,5326.194429397583,1091549.666261673,2,731.5060377120972,1.36,True
74,query3,0.0,0.0,2185.561227798462,2188.1409883499146,4410317.898726463,0,4.256343841552734,0.0,1438.3065223693848,1442.5628662109375,1091549.666261673,2,747.2547054290771,1.52,True
75,query129,12432.35638141632,0.0,2343.7398195266724,14778.675961494446,4410317.898726463,0,4315.876626968384,0.0,1595.3934192657473,5911.270046234131,1091549.666261673,2,748.3464002609251,1.47,True
76,query90,5226.692676544189,0.0,1450.7869005203247,6680.059337615967,4410317.898726463,0,2388.39373588562,0.0,648.8277435302734,3037.2214794158936,1091549.666261673,2,801.9591569900513,2.24,True
77,query96,6098.317265510559,0.0,2632.4657678604126,8733.362793922424,4410317.898726463,0,2685.5319023132324,0.0,1806.7893981933594,4492.321300506592,1091549.666261673,2,825.6763696670532,1.46,True
78,query53,1330.7483673095703,0.0,1479.863429069519,2813.191556930542,4410317.898726463,0,1362.876272201538,0.0,568.2193279266357,1931.0956001281738,1091549.666261673,2,911.6441011428833,2.6,True
79,query4,0.12066364288330078,0.0,2356.9894313812256,2359.6898555755615,4410317.898726463,0,4.379463195800781,0.0,1438.0442142486572,1442.423677444458,1091549.666261673,2,918.9452171325684,1.64,True
80,query76,2913.965964317322,0.0,2216.900086402893,5133.4458112716675,4410317.898726463,0,1833.903455734253,0.0,1220.3428268432617,3054.2462825775146,1091549.666261673,2,996.5572595596313,1.82,True
81,query93,5630.171847343445,0.0,1448.5528707504272,7081.304478645325,4410317.898726463,0,2510.540199279785,0.0,437.0277404785156,2947.567939758301,1091549.666261673,2,1011.5251302719116,3.31,True
82,query66,2210.596752166748,0.0,2077.876567840576,4291.053080558777,4410317.898726463,0,1530.2205562591553,0.0,907.7167510986328,2437.937307357788,1091549.666261673,2,1170.1598167419434,2.29,True
83,query119,10524.176955223083,0.0,1873.195767402649,12399.952483177185,4410317.898726463,0,3711.375045776367,0.0,696.9305515289307,4408.305597305298,1091549.666261673,2,1176.2652158737183,2.69,True
84,query124,11630.617046356201,0.0,3822.2564220428467,15455.4532289505,4410317.898726463,0,3964.2035961151123,0.0,2643.8790798187256,6608.082675933838,1091549.666261673,2,1178.377342224121,1.45,True
85,query22,85.9652042388916,0.0,2468.8079357147217,2557.352900505066,4410317.898726463,0,80.06043434143066,0.0,1211.241626739502,1291.3020610809326,1091549.666261673,2,1257.5663089752197,2.04,True
86,query37,815.4251337051392,0.0,2586.5102767944336,3404.5151710510254,4410317.898726463,0,978.5350322723389,0.0,1135.1778030395508,2113.7128353118896,1091549.666261673,2,1451.3324737548828,2.28,True
87,query35,749.014949798584,0.0,1919.0025091171265,2670.597219467163,4410317.898726463,0,918.4553623199463,0.0,444.6565628051758,1363.111925125122,1091549.666261673,2,1474.3459463119507,4.32,True
88,query79,3233.7538480758667,0.0,2922.9469060897827,6159.280514717102,4410317.898726463,0,1913.389253616333,0.0,1429.0440082550049,3342.433261871338,1091549.666261673,2,1493.9028978347778,2.05,True
89,query131,12812.781167030334,0.0,2722.1678972244263,15537.528824806213,4410317.898726463,0,4412.1410846710205,0.0,1006.9301605224609,5419.071245193481,1091549.666261673,2,1715.2377367019653,2.7,True
90,query139,16662.75007724762,0.0,3118.4648752212524,19783.794713020325,4410317.898726463,0,4854.514312744141,0.0,1129.1484355926514,5983.662748336792,1091549.666261673,2,1989.316439628601,2.76,True
91,query95,5995.278549194336,0.0,3691.194987297058,9689.053297042847,4410317.898726463,0,2630.7374000549316,0.0,1668.9773082733154,4299.714708328247,1091549.666261673,2,2022.2176790237427,2.21,True
92,query106,8001.250839233398,0.0,2881.6930532455444,10885.523653030396,4410317.898726463,0,3024.976921081543,0.0,740.0199890136719,3764.996910095215,1091549.666261673,2,2141.6730642318726,3.89,True
93,query103,7384.711837768555,0.0,2783.3145141601562,10170.606112480164,4410317.898726463,0,2954.703664779663,0.0,490.5759334564209,3445.279598236084,1091549.666261673,2,2292.7385807037354,5.67,True
94,query91,5366.438603401184,0.0,3071.4412927627563,8440.459656715393,4410317.898726463,0,2428.5134315490723,0.0,725.998592376709,3154.5120239257812,1091549.666261673,2,2345.4427003860474,4.23,True
95,query44,1068.9393520355225,0.0,3007.896637916565,4079.41575050354,4410317.898726463,0,1222.7396488189697,0.0,592.389726638794,1815.1293754577637,1091549.666261673,2,2415.506911277771,5.08,True
96,query15,46.672606468200684,0.0,4180.990314483643,4230.242681503296,4410317.898726463,0,48.19846153259277,0.0,1072.2311973571777,1120.4296588897705,1091549.666261673,2,3108.759117126465,3.9,True
97,query2,0.5175113677978516,0.0,4180.16197681427,4183.2592487335205,4410317.898726463,0,3.9247989654541016,0.0,963.4512901306152,967.3760890960693,1091549.666261673,2,3216.710686683655,4.34,True
98,query138,16242.17267036438,0.0,7284.789419174194,23529.541850090027,4410317.898726463,0,4787.38899230957,0.0,4061.060857772827,8848.449850082397,1091549.666261673,2,3223.728561401367,1.79,True
99,query144,23569.748497009277,0.0,10662.03122138977,34234.3594789505,4410317.898726463,0,5189.553642272949,0.0,7135.839080810547,12325.392723083496,1091549.666261673,2,3526.1921405792236,1.49,True
100,query88,4757.595252990723,0.0,4960.014200210571,9720.189213752747,4410317.898726463,0,2223.9272594451904,0.0,605.7720184326172,2829.6992778778076,1091549.666261673,2,4354.242181777954,8.19,True
101,query121,10938.856983184814,0.0,5098.355531692505,16039.792275428772,4410317.898726463,0,3772.1230030059814,0.0,742.8610324859619,4514.984035491943,1091549.666261673,2,4355.494499206543,6.86,True
102,query84,4294.382619857788,0.0,5208.078813552856,9505.041193962097,4410317.898726463,0,2088.863754272461,0.0,839.8885726928711,2928.752326965332,1091549.666261673,2,4368.190240859985,6.2,True
103,query43,999.6461868286133,0.0,5084.783220291138,6087.009167671204,4410317.898726463,0,1119.4122314453125,0.0,600.2397060394287,1719.6519374847412,1091549.666261673,2,4484.543514251709,8.47,True
104,query85,4394.687628746033,0.0,5257.4551820755005,9654.722571372986,4410317.898726463,0,2126.1218547821045,0.0,606.0981273651123,2732.219982147217,1091549.666261673,2,4651.357054710388,8.67,True
105,query60,1730.4953575134277,0.0,6442.446613311768,8175.521731376648,4410317.898726463,0,1443.9318180084229,0.0,1440.6958103179932,2884.627628326416,1091549.666261673,2,5001.750802993774,4.47,True
106,query39,837.5176191329956,0.0,5948.650074005126,6788.747453689575,4410317.898726463,0,983.2407474517822,0.0,604.1079044342041,1587.3486518859863,1091549.666261673,2,5344.542169570922,9.85,True
107,query28,116.93413257598877,0.0,7085.860824584961,7205.374717712402,4410317.898726463,0,109.64779853820801,0.0,1188.7608051300049,1298.408603668213,1091549.666261673,2,5897.100019454956,5.96,True
108,query77,3035.497498512268,0.0,7439.144563674927,10477.221822738647,4410317.898726463,0,1862.6538276672363,0.0,1234.53574180603,3097.1895694732666,1091549.666261673,2,6204.6088218688965,6.03,True
109,query56,1452.1734952926636,0.0,7121.754693984985,8576.507949829102,4410317.898726463,0,1404.0411949157715,0.0,772.4958896636963,2176.537084579468,1091549.666261673,2,6349.258804321289,9.22,True
110,query31,132.01475143432617,0.0,7844.789886474609,7979.384398460388,4410317.898726463,0,120.6399917602539,0.0,1302.1666526794434,1422.8066444396973,1091549.666261673,2,6542.623233795166,6.02,True
111,query114,9703.47375869751,0.0,12671.883773803711,22377.937293052673,4410317.898726463,0,3411.830711364746,0.0,5987.233352661133,9399.064064025879,1091549.666261673,2,6684.650421142578,2.12,True
112,query32,137.65859603881836,0.0,10442.350673675537,10582.589030265808,4410317.898726463,0,124.42812919616699,0.0,1930.0644397735596,2054.4925689697266,1091549.666261673,2,8512.286233901978,5.41,True
113,query115,9858.99019241333,0.0,28581.6707611084,38443.24071407318,4410317.898726463,0,3474.1851329803467,0.0,18432.12580680847,21906.31093978882,1091549.666261673,2,10149.544954299927,1.55,True
114,query116,10010.001945495605,0.0,11614.585208892822,21627.16691493988,4410317.898726463,0,3532.095193862915,0.0,886.8272304534912,4418.922424316406,1091549.666261673,2,10727.757978439331,13.1,True
115,query49,1194.079065322876,0.0,11717.965006828308,12914.623832702637,4410317.898726463,0,1311.421012878418,0.0,575.3543376922607,1886.7753505706787,1091549.666261673,2,11142.610669136047,20.37,True
116,query97,6236.647534370422,0.0,26478.233122825623,32717.460417747498,4410317.898726463,0,2751.976442337036,0.0,13342.169713973999,16094.146156311035,1091549.666261673,2,13136.063408851624,1.98,True
117,query104,7585.827374458313,0.0,16366.421580314636,23954.828715324402,4410317.898726463,0,2982.892417907715,0.0,1050.6162643432617,4033.5086822509766,1091549.666261673,2,15315.805315971375,15.58,True
118,query113,9462.793135643005,0.0,18378.04193496704,27843.4148311615,4410317.898726463,0,3360.941982269287,0.0,994.9230194091797,4355.865001678467,1091549.666261673,2,17383.11891555786,18.47,True
119,query71,2572.265601158142,0.0,26558.603382110596,29133.44874382019,4410317.898726463,0,1703.6602020263672,0.0,8782.44686126709,10486.107063293457,1091549.666261673,2,17776.156520843506,3.02,True
120,query98,6429.360818862915,0.0,19367.614364624023,25799.55494403839,4410317.898726463,0,2785.526466369629,0.0,778.2771587371826,3563.8036251068115,1091549.666261673,2,18589.33720588684,24.89,True
121,query59,1610.9446287155151,0.0,40160.87498664856,41774.39937591553,4410317.898726463,0,1426.4634132385254,0.0,20440.54718017578,21867.010593414307,1091549.666261673,2,19720.32780647278,1.96,True
122,query30,126.62899494171143,0.0,123028.91869544983,123158.127450943,4410317.898726463,0,117.30780601501465,0.0,97429.7685623169,97547.07636833191,1091549.666261673,2,25599.150133132935,1.26,True
123,query135,14167.522501945496,0.0,463101.2306213379,477271.33288383484,4410317.898726463,0,4633.421802520752,0.0,435592.22054481506,440225.6423473358,1091549.666261673,2,27509.010076522827,1.06,True
124,query47,1120.6831216812134,0.0,28546.43850326538,29669.701385498047,4410317.898726463,0,1309.0192794799805,0.0,737.3462200164795,2046.36549949646,1091549.666261673,2,27809.0922832489,38.72,True
125,query70,2452.531337738037,0.0,34661.45348548889,37116.56458377838,4410317.898726463,0,1649.0763187408447,0.0,2276.4167308807373,3925.493049621582,1091549.666261673,2,32385.036754608154,15.23,True
126,query69,2385.9967708587646,0.0,44616.44906997681,47005.025601387024,4410317.898726463,0,1603.6038398742676,0.0,1966.1112308502197,3569.7150707244873,1091549.666261673,2,42650.33783912659,22.69,True
127,query52,1300.9663105010986,0.0,89632.45799541473,90936.00406646729,4410317.898726463,0,1353.6560535430908,0.0,46942.313385009766,48295.96943855286,1091549.666261673,2,42690.14461040497,1.91,True
128,query38,825.5967617034912,0.0,48140.537786483765,48968.71430873871,4410317.898726463,0,979.4970512390137,0.0,633.7259769439697,1613.2230281829834,1091549.666261673,2,47506.811809539795,75.96,True
129,query143,22740.408873558044,0.0,82547.73457050323,105290.72320461273,4410317.898726463,0,5176.813507080078,0.0,29898.90775680542,35075.7212638855,1091549.666261673,2,52648.826813697815,2.76,True
130,query123,11482.251954078674,0.0,54698.583698272705,66183.41541290283,4410317.898726463,0,3860.0448608398438,0.0,651.3651371002197,4511.4099979400635,1091549.666261673,2,54047.218561172485,83.98,True
131,query134,13906.50441646576,0.0,55921.59478664398,69830.6789636612,4410317.898726463,0,4557.281255722046,0.0,541.4386749267578,5098.719930648804,1091549.666261673,2,55380.156111717224,103.28,True
132,query51,1268.637728691101,0.0,61626.51336193085,62897.7308511734,4410317.898726463,0,1347.2366333007812,0.0,797.6904392242432,2144.9270725250244,1091549.666261673,2,60828.822922706604,77.26,True
133,query140,19540.879774093628,0.0,67750.30620098114,87293.76573562622,4410317.898726463,0,4901.812362670898,0.0,1297.4288940429688,6199.241256713867,1091549.666261673,2,66452.87730693817,52.22,True
134,query105,7754.241991043091,0.0,79141.53587818146,86898.357629776,4410317.898726463,0,2995.1807975769043,0.0,906.5546989440918,3901.735496520996,1091549.666261673,2,78234.98117923737,87.3,True
135,query142,21296.898245811462,0.0,140338.5273218155,161638.0053281784,4410317.898726463,0,5088.2593631744385,0.0,55353.76749038696,60442.0268535614,1091549.666261673,2,84984.75983142853,2.54,True
136,query141,20461.280632019043,0.0,94710.16523838043,115174.02563095093,4410317.898726463,0,5015.497255325317,0.0,1866.4681911468506,6881.965446472168,1091549.666261673,2,92843.69704723358,50.74,True
137,query136,15445.273041725159,0.0,121418.0990934372,136865.9518957138,4410317.898726463,0,4673.920297622681,0.0,1104.5004844665527,5778.420782089233,1091549.666261673,2,120313.59860897064,109.93,True
138,query107,8217.700290679932,0.0,148168.18833351135,156388.46838474274,4410317.898726463,0,3042.8268432617188,0.0,559.1359615325928,3601.9628047943115,1091549.666261673,2,147609.05237197876,264.99,True
139,query108,8374.551510810852,0.0,148881.63766860962,157258.76893997192,4410317.898726463,0,3091.805934906006,0.0,697.3452091217041,3789.15114402771,1091549.666261673,2,148184.29245948792,213.5,True
140,query34,654.0089130401611,0.0,151522.66972064972,152179.25839424133,4410317.898726463,0,714.8783206939697,0.0,701.081371307373,1415.9596920013428,1091549.666261673,2,150821.58834934235,216.13,True
141,query132,13251.107287406921,0.0,209376.2020111084,222629.88905906677,4410317.898726463,0,4433.943462371826,0.0,1754.7678470611572,6188.711309432983,1091549.666261673,2,207621.43416404724,119.32,True
142,query68,2318.8963413238525,0.0,258233.2137823105,260554.6898841858,4410317.898726463,0,1585.9039306640625,0.0,1427.1052837371826,3013.009214401245,1091549.666261673,2,256806.1084985733,180.95,True
143,query122,11169.398784637451,0.0,2612063.4679079056,2623235.4464530945,4410317.898726463,0,3812.0113849639893,0.0,753.4544944763184,4565.465879440308,1091549.666261673,2,2611310.0134134293,3466.78,True
144,query120,10747.266101837158,0.0,2796482.879590988,2807232.725453377,4410317.898726463,0,3749.717426300049,0.0,983.0459117889404,4732.763338088989,1091549.666261673,2,2795499.833679199,2844.71,True
145,query58,1520.8572626113892,0.0,4408797.041463852,4410320.478487015,4410317.898726463,0,1424.2562770843506,0.0,936.7396354675293,2360.99591255188,1091549.666261673,2,4407860.301828384,4706.53,True
