index,query_id,start_time,planning_time,execution_time,execution_start_time,workload_time,ID
0,query1,0.0,0.0,2.0369831919670105,2.0369831919670105,31.103899478912354,1
1,query51,0.0,0.0,0.49093401432037354,0.49093401432037354,31.103899478912354,1
2,query52,0.0,0.0,1.726588845252991,1.726588845252991,31.103899478912354,1
3,query53,0.0,0.0,0.4280775785446167,0.4280775785446167,31.103899478912354,1
4,query54,0.0,0.0,0.4348597526550293,0.4348597526550293,31.103899478912354,1
5,query55,0.0,0.0,0.3329793214797973,0.3329793214797973,31.103899478912354,1
6,query56,0.0,0.0,0.5399252772331238,0.5399252772331238,31.103899478912354,1
7,query50,0.0,0.0,0.2494910359382629,0.2494910359382629,31.103899478912354,1
8,query57,0.0,0.0,0.27864116430282587,0.27864116430282587,31.103899478912354,1
9,query59,0.0,0.0,0.9522932767868042,0.9522932767868042,31.103899478912354,1
10,query6,0.0,0.0,0.3726247549057007,0.3726247549057007,31.103899478912354,1
11,query60,0.0,0.0,0.5301875472068787,0.5301875472068787,31.103899478912354,1
12,query61,0.0,0.0,2.229546844959259,2.229546844959259,31.103899478912354,1
13,query62,0.0,0.0,0.41886550188064575,0.41886550188064575,31.103899478912354,1
14,query63,0.0,0.0,0.3589060306549072,0.3589060306549072,31.103899478912354,1
15,query58,0.0,0.0,0.49335628747940063,0.49335628747940063,31.103899478912354,1
16,query64,0.0,0.0,0.42939162254333496,0.42939162254333496,31.103899478912354,1
17,query5,0.0,0.0,0.8307228684425354,0.8307228684425354,31.103899478912354,1
18,query48,0.0,0.0,0.3249064087867736,0.3249064087867736,31.103899478912354,1
19,query35,0.0,0.0,0.33206480741500854,0.33206480741500854,31.103899478912354,1
20,query36,0.0,0.0,0.26143813133239746,0.26143813133239746,31.103899478912354,1
21,query37,0.0,0.0,0.40497696399688715,0.40497696399688715,31.103899478912354,1
22,query38,0.0,0.0,0.47339922189712524,0.47339922189712524,31.103899478912354,1
23,query39,0.0,0.0,0.3961255550384521,0.3961255550384521,31.103899478912354,1
24,query4,0.0,0.0,0.7747451066970825,0.7747451066970825,31.103899478912354,1
25,query49,0.0,0.0,0.40555286407470703,0.40555286407470703,31.103899478912354,1
26,query40,0.0,0.0,0.25908321142196655,0.25908321142196655,31.103899478912354,1
27,query42,0.0,0.0,0.4080947041511535,0.4080947041511535,31.103899478912354,1
28,query43,0.0,0.0,0.41346806287765503,0.41346806287765503,31.103899478912354,1
29,query44,0.0,0.0,0.382529079914093,0.382529079914093,31.103899478912354,1
30,query45,0.0,0.0,0.2934280633926391,0.2934280633926391,31.103899478912354,1
31,query46,0.0,0.0,0.9148550629615784,0.9148550629615784,31.103899478912354,1
32,query47,0.0,0.0,0.47595423460006714,0.47595423460006714,31.103899478912354,1
33,query41,0.0,0.0,0.3059172034263611,0.3059172034263611,31.103899478912354,1
34,query65,0.0,0.0,0.33055043220520014,0.33055043220520014,31.103899478912354,1
35,query66,0.0,0.0,0.4120242595672607,0.4120242595672607,31.103899478912354,1
36,query67,0.0,0.0,0.32241594791412354,0.32241594791412354,31.103899478912354,1
37,query85,0.0,0.0,0.3255868554115295,0.3255868554115295,31.103899478912354,1
38,query86,0.0,0.0,0.31627303361892695,0.31627303361892695,31.103899478912354,1
39,query87,0.0,0.0,0.21905028820037836,0.21905028820037836,31.103899478912354,1
40,query88,0.0,0.0,0.28826308250427246,0.28826308250427246,31.103899478912354,1
41,query89,0.0,0.0,0.20015883445739743,0.20015883445739743,31.103899478912354,1
42,query9,0.0,0.0,0.42216902971267695,0.42216902971267695,31.103899478912354,1
43,query84,0.0,0.0,0.3679477572441101,0.3679477572441101,31.103899478912354,1
44,query90,0.0,0.0,0.36339050531387324,0.36339050531387324,31.103899478912354,1
45,query92,0.0,0.0,0.3977596163749694,0.3977596163749694,31.103899478912354,1
46,query93,0.0,0.0,0.22010231018066403,0.22010231018066403,31.103899478912354,1
47,query94,0.0,0.0,0.3740345239639282,0.3740345239639282,31.103899478912354,1
48,query95,0.0,0.0,0.4599323272705078,0.4599323272705078,31.103899478912354,1
49,query96,0.0,0.0,0.4206441044807434,0.4206441044807434,31.103899478912354,1
50,query97,0.0,0.0,0.645897388458252,0.645897388458252,31.103899478912354,1
51,query91,0.0,0.0,0.37452971935272217,0.37452971935272217,31.103899478912354,1
52,query83,0.0,0.0,0.2951176166534423,0.2951176166534423,31.103899478912354,1
53,query82,0.0,0.0,0.31235826015472407,0.31235826015472407,31.103899478912354,1
54,query81,0.0,0.0,0.23704463243484492,0.23704463243484492,31.103899478912354,1
55,query68,0.0,0.0,0.812519907951355,0.812519907951355,31.103899478912354,1
56,query69,0.0,0.0,0.6118418574333191,0.6118418574333191,31.103899478912354,1
57,query7,0.0,0.0,1.5480825901031494,1.5480825901031494,31.103899478912354,1
58,query70,0.0,0.0,0.6353628635406494,0.6353628635406494,31.103899478912354,1
59,query71,0.0,0.0,0.9003111124038696,0.9003111124038696,31.103899478912354,1
60,query72,0.0,0.0,0.6781336665153503,0.6781336665153503,31.103899478912354,1
61,query73,0.0,0.0,6.66118323802948,6.66118323802948,31.103899478912354,1
62,query74,0.0,0.0,0.8366290926933289,0.8366290926933289,31.103899478912354,1
63,query75,0.0,0.0,0.4873372912406921,0.4873372912406921,31.103899478912354,1
64,query76,0.0,0.0,0.428400456905365,0.428400456905365,31.103899478912354,1
65,query77,0.0,0.0,0.5290496349334717,0.5290496349334717,31.103899478912354,1
66,query78,0.0,0.0,0.3053172826766967,0.3053172826766967,31.103899478912354,1
67,query79,0.0,0.0,0.7508686780929565,0.7508686780929565,31.103899478912354,1
68,query8,0.0,0.0,0.5654850006103516,0.5654850006103516,31.103899478912354,1
69,query80,0.0,0.0,0.35253536701202387,0.35253536701202387,31.103899478912354,1
70,query34,0.0,0.0,0.3637135624885559,0.3637135624885559,31.103899478912354,1
71,query33,0.0,0.0,31.103899478912354,31.103899478912354,31.103899478912354,1
72,query32,0.0,0.0,0.5751442909240723,0.5751442909240723,31.103899478912354,1
73,query31,0.0,0.0,0.521787166595459,0.521787166595459,31.103899478912354,1
74,query117,0.0,0.0,0.3405966162681579,0.3405966162681579,31.103899478912354,1
75,query118,0.0,0.0,0.40740156173706055,0.40740156173706055,31.103899478912354,1
76,query119,0.0,0.0,0.3725680708885193,0.3725680708885193,31.103899478912354,1
77,query12,0.0,0.0,0.3946554660797119,0.3946554660797119,31.103899478912354,1
78,query120,0.0,0.0,0.3986550569534302,0.3986550569534302,31.103899478912354,1
79,query121,0.0,0.0,0.3690742254257202,0.3690742254257202,31.103899478912354,1
80,query116,0.0,0.0,0.32934391498565674,0.32934391498565674,31.103899478912354,1
81,query122,0.0,0.0,0.3660178780555725,0.3660178780555725,31.103899478912354,1
82,query124,0.0,0.0,0.29100334644317627,0.29100334644317627,31.103899478912354,1
83,query125,0.0,0.0,0.26849901676177973,0.26849901676177973,31.103899478912354,1
84,query126,0.0,0.0,0.4613616466522217,0.4613616466522217,31.103899478912354,1
85,query127,0.0,0.0,0.3770573139190674,0.3770573139190674,31.103899478912354,1
86,query128,0.0,0.0,0.37755250930786133,0.37755250930786133,31.103899478912354,1
87,query129,0.0,0.0,0.5441570281982422,0.5441570281982422,31.103899478912354,1
88,query123,0.0,0.0,0.19618904590606687,0.19618904590606687,31.103899478912354,1
89,query115,0.0,0.0,0.5891484022140503,0.5891484022140503,31.103899478912354,1
90,query114,0.0,0.0,0.43258827924728394,0.43258827924728394,31.103899478912354,1
91,query113,0.0,0.0,0.39483606815338135,0.39483606815338135,31.103899478912354,1
92,query10,0.0,0.0,0.3109880685806274,0.3109880685806274,31.103899478912354,1
93,query100,0.0,0.0,0.33073776960372925,0.33073776960372925,31.103899478912354,1
94,query101,0.0,0.0,0.38075464963912964,0.38075464963912964,31.103899478912354,1
95,query102,0.0,0.0,0.38215816020965576,0.38215816020965576,31.103899478912354,1
96,query103,0.0,0.0,0.30258870124816895,0.30258870124816895,31.103899478912354,1
97,query104,0.0,0.0,0.3760413527488708,0.3760413527488708,31.103899478912354,1
98,query105,0.0,0.0,0.31854426860809326,0.31854426860809326,31.103899478912354,1
99,query106,0.0,0.0,0.31672173738479614,0.31672173738479614,31.103899478912354,1
100,query107,0.0,0.0,0.27648407220840454,0.27648407220840454,31.103899478912354,1
101,query108,0.0,0.0,0.2850625514984131,0.2850625514984131,31.103899478912354,1
102,query109,0.0,0.0,0.398232638835907,0.398232638835907,31.103899478912354,1
103,query11,0.0,0.0,0.42657917737960815,0.42657917737960815,31.103899478912354,1
104,query110,0.0,0.0,0.7756633758544922,0.7756633758544922,31.103899478912354,1
105,query111,0.0,0.0,0.3976938724517822,0.3976938724517822,31.103899478912354,1
106,query112,0.0,0.0,0.30330163240432734,0.30330163240432734,31.103899478912354,1
107,query13,0.0,0.0,0.29179084300994873,0.29179084300994873,31.103899478912354,1
108,query98,0.0,0.0,0.3736264705657959,0.3736264705657959,31.103899478912354,1
109,query130,0.0,0.0,0.3500697612762451,0.3500697612762451,31.103899478912354,1
110,query132,0.0,0.0,0.3149504065513611,0.3149504065513611,31.103899478912354,1
111,query19,0.0,0.0,0.2754693031311035,0.2754693031311035,31.103899478912354,1
112,query2,0.0,0.0,1.3248426914215088,1.3248426914215088,31.103899478912354,1
113,query20,0.0,0.0,0.5859273076057434,0.5859273076057434,31.103899478912354,1
114,query21,0.0,0.0,0.4360235929489136,0.4360235929489136,31.103899478912354,1
115,query22,0.0,0.0,0.5120865106582642,0.5120865106582642,31.103899478912354,1
116,query23,0.0,0.0,0.4466724991798401,0.4466724991798401,31.103899478912354,1
117,query18,0.0,0.0,0.3853148818016052,0.3853148818016052,31.103899478912354,1
118,query24,0.0,0.0,0.24147176742553708,0.24147176742553708,31.103899478912354,1
119,query26,0.0,0.0,0.3985391855239868,0.3985391855239868,31.103899478912354,1
120,query27,0.0,0.0,0.37949937582015986,0.37949937582015986,31.103899478912354,1
121,query28,0.0,0.0,0.4607291221618652,0.4607291221618652,31.103899478912354,1
122,query29,0.0,0.0,0.6572234034538269,0.6572234034538269,31.103899478912354,1
123,query3,0.0,0.0,0.7750601172447205,0.7750601172447205,31.103899478912354,1
124,query30,0.0,0.0,1.6508760452270508,1.6508760452270508,31.103899478912354,1
125,query25,0.0,0.0,0.6981299519538879,0.6981299519538879,31.103899478912354,1
126,query17,0.0,0.0,0.2582430839538574,0.2582430839538574,31.103899478912354,1
127,query16,0.0,0.0,0.41046679019927973,0.41046679019927973,31.103899478912354,1
128,query15,0.0,0.0,0.3506010770797729,0.3506010770797729,31.103899478912354,1
129,query133,0.0,0.0,0.4396147727966308,0.4396147727966308,31.103899478912354,1
130,query134,0.0,0.0,0.3453591465950012,0.3453591465950012,31.103899478912354,1
131,query135,0.0,0.0,25.45420217514038,25.45420217514038,31.103899478912354,1
132,query136,0.0,0.0,0.33434998989105225,0.33434998989105225,31.103899478912354,1
133,query137,0.0,0.0,0.29571032524108887,0.29571032524108887,31.103899478912354,1
134,query138,0.0,0.0,5.936904788017273,5.936904788017273,31.103899478912354,1
135,query139,0.0,0.0,0.6038554906845093,0.6038554906845093,31.103899478912354,1
136,query14,0.0,0.0,0.31531840562820435,0.31531840562820435,31.103899478912354,1
137,query140,0.0,0.0,0.6629037261009216,0.6629037261009216,31.103899478912354,1
138,query141,0.0,0.0,0.6676411032676697,0.6676411032676697,31.103899478912354,1
139,query142,0.0,0.0,2.2884207367897034,2.2884207367897034,31.103899478912354,1
140,query143,0.0,0.0,1.770883321762085,1.770883321762085,31.103899478912354,1
141,query144,0.0,0.0,0.5375528931617737,0.5375528931617737,31.103899478912354,1
142,query145,0.0,0.0,0.4088994860649109,0.4088994860649109,31.103899478912354,1
143,query146,0.0,0.0,0.45145779848098755,0.45145779848098755,31.103899478912354,1
144,query131,0.0,0.0,0.3772631287574768,0.3772631287574768,31.103899478912354,1
145,query99,0.0,0.0,0.2601062059402466,0.2601062059402466,31.103899478912354,1
