index,query_id,start_time,planning_time,execution_time,execution_start_time,workload_time,ID
0,query1,0.0,0.0,1.9864511489868164,1.9864511489868164,538.3746329545975,0
1,query51,0.0,0.0,0.9864052534103394,0.9864052534103394,538.3746329545975,0
2,query52,0.0,0.0,1.7454912066459656,1.7454912066459656,538.3746329545975,0
3,query53,0.0,0.0,0.301700234413147,0.301700234413147,538.3746329545975,0
4,query54,0.0,0.0,0.23335450887680048,0.23335450887680048,538.3746329545975,0
5,query55,0.0,0.0,0.26980626583099365,0.26980626583099365,538.3746329545975,0
6,query56,0.0,0.0,0.3319885730743408,0.3319885730743408,538.3746329545975,0
7,query50,0.0,0.0,8.025023102760315,8.025023102760315,538.3746329545975,0
8,query57,0.0,0.0,0.2688642144203186,0.2688642144203186,538.3746329545975,0
9,query59,0.0,0.0,0.8773427605628967,0.8773427605628967,538.3746329545975,0
10,query6,0.0,0.0,0.3792029023170471,0.3792029023170471,538.3746329545975,0
11,query60,0.0,0.0,0.5208880305290222,0.5208880305290222,538.3746329545975,0
12,query61,0.0,0.0,0.4350431561470032,0.4350431561470032,538.3746329545975,0
13,query62,0.0,0.0,0.3242993950843811,0.3242993950843811,538.3746329545975,0
14,query63,0.0,0.0,0.31017786264419556,0.31017786264419556,538.3746329545975,0
15,query58,0.0,0.0,100.83409571647645,100.83409571647645,538.3746329545975,0
16,query64,0.0,0.0,0.43365907669067383,0.43365907669067383,538.3746329545975,0
17,query5,0.0,0.0,0.31645655632019043,0.31645655632019043,538.3746329545975,0
18,query48,0.0,0.0,218.23610192537308,218.23610192537308,538.3746329545975,0
19,query35,0.0,0.0,0.3033365607261657,0.3033365607261657,538.3746329545975,0
20,query36,0.0,0.0,0.20271110534667966,0.20271110534667966,538.3746329545975,0
21,query37,0.0,0.0,0.34917861223220825,0.34917861223220825,538.3746329545975,0
22,query38,0.0,0.0,0.9782931804656982,0.9782931804656982,538.3746329545975,0
23,query39,0.0,0.0,0.33669769763946533,0.33669769763946533,538.3746329545975,0
24,query4,0.0,0.0,0.4966993927955627,0.4966993927955627,538.3746329545975,0
25,query49,0.0,0.0,239.96957659721375,239.96957659721375,538.3746329545975,0
26,query40,0.0,0.0,0.2650837898254394,0.2650837898254394,538.3746329545975,0
27,query42,0.0,0.0,0.40004938840866083,0.40004938840866083,538.3746329545975,0
28,query43,0.0,0.0,0.36140960454940796,0.36140960454940796,538.3746329545975,0
29,query44,0.0,0.0,0.3341698050498962,0.3341698050498962,538.3746329545975,0
30,query45,0.0,0.0,0.24504768848419184,0.24504768848419184,538.3746329545975,0
31,query46,0.0,0.0,0.43473494052886963,0.43473494052886963,538.3746329545975,0
32,query47,0.0,0.0,1.527653455734253,1.527653455734253,538.3746329545975,0
33,query41,0.0,0.0,0.2714851498603821,0.2714851498603821,538.3746329545975,0
34,query65,0.0,0.0,0.32125288248062134,0.32125288248062134,538.3746329545975,0
35,query66,0.0,0.0,0.3389202356338501,0.3389202356338501,538.3746329545975,0
36,query67,0.0,0.0,0.309896171092987,0.309896171092987,538.3746329545975,0
37,query85,0.0,0.0,0.25581032037734985,0.25581032037734985,538.3746329545975,0
38,query86,0.0,0.0,0.3319817781448364,0.3319817781448364,538.3746329545975,0
39,query87,0.0,0.0,0.20865255594253534,0.20865255594253534,538.3746329545975,0
40,query88,0.0,0.0,0.32476675510406494,0.32476675510406494,538.3746329545975,0
41,query89,0.0,0.0,0.22121727466583246,0.22121727466583246,538.3746329545975,0
42,query9,0.0,0.0,0.4258623719215393,0.4258623719215393,538.3746329545975,0
43,query84,0.0,0.0,0.3352259397506714,0.3352259397506714,538.3746329545975,0
44,query90,0.0,0.0,0.2302150130271911,0.2302150130271911,538.3746329545975,0
45,query92,0.0,0.0,0.23600256443023673,0.23600256443023673,538.3746329545975,0
46,query93,0.0,0.0,0.20594328641891477,0.20594328641891477,538.3746329545975,0
47,query94,0.0,0.0,0.19989472627639765,0.19989472627639765,538.3746329545975,0
48,query95,0.0,0.0,0.3746602535247803,0.3746602535247803,538.3746329545975,0
49,query96,0.0,0.0,0.3862243890762329,0.3862243890762329,538.3746329545975,0
50,query97,0.0,0.0,0.6612166166305542,0.6612166166305542,538.3746329545975,0
51,query91,0.0,0.0,0.27569854259490967,0.27569854259490967,538.3746329545975,0
52,query83,0.0,0.0,0.3143799901008606,0.3143799901008606,538.3746329545975,0
53,query82,0.0,0.0,0.3151333928108215,0.3151333928108215,538.3746329545975,0
54,query81,0.0,0.0,0.21891278028488154,0.21891278028488154,538.3746329545975,0
55,query68,0.0,0.0,7.442726731300354,7.442726731300354,538.3746329545975,0
56,query69,0.0,0.0,1.1360994577407837,1.1360994577407837,538.3746329545975,0
57,query7,0.0,0.0,2.1974026560783386,2.1974026560783386,538.3746329545975,0
58,query70,0.0,0.0,0.9687475562095642,0.9687475562095642,538.3746329545975,0
59,query71,0.0,0.0,0.6832281947135925,0.6832281947135925,538.3746329545975,0
60,query72,0.0,0.0,0.3561704754829407,0.3561704754829407,538.3746329545975,0
61,query73,0.0,0.0,0.4059149622917175,0.4059149622917175,538.3746329545975,0
62,query74,0.0,0.0,0.6244796514511108,0.6244796514511108,538.3746329545975,0
63,query75,0.0,0.0,0.49819034337997437,0.49819034337997437,538.3746329545975,0
64,query76,0.0,0.0,0.3753817081451416,0.3753817081451416,538.3746329545975,0
65,query77,0.0,0.0,0.35849529504775995,0.35849529504775995,538.3746329545975,0
66,query78,0.0,0.0,0.3313625454902649,0.3313625454902649,538.3746329545975,0
67,query79,0.0,0.0,0.4922628402709961,0.4922628402709961,538.3746329545975,0
68,query8,0.0,0.0,1.4715434312820435,1.4715434312820435,538.3746329545975,0
69,query80,0.0,0.0,0.2514740824699402,0.2514740824699402,538.3746329545975,0
70,query34,0.0,0.0,3.797787368297577,3.797787368297577,538.3746329545975,0
71,query33,0.0,0.0,34.10571998357773,34.10571998357773,538.3746329545975,0
72,query32,0.0,0.0,538.3746329545975,538.3746329545975,538.3746329545975,0
73,query31,0.0,0.0,0.3774344325065613,0.3774344325065613,538.3746329545975,0
74,query117,0.0,0.0,0.36585819721221924,0.36585819721221924,538.3746329545975,0
75,query118,0.0,0.0,0.4071735739707947,0.4071735739707947,538.3746329545975,0
76,query119,0.0,0.0,0.3051900863647461,0.3051900863647461,538.3746329545975,0
77,query12,0.0,0.0,3.915521025657654,3.915521025657654,538.3746329545975,0
78,query120,0.0,0.0,65.28146153688431,65.28146153688431,538.3746329545975,0
79,query121,0.0,0.0,0.3273710012435913,0.3273710012435913,538.3746329545975,0
80,query116,0.0,0.0,0.3502663969993591,0.3502663969993591,538.3746329545975,0
81,query122,0.0,0.0,63.07440596818924,63.07440596818924,538.3746329545975,0
82,query124,0.0,0.0,0.2748891115188598,0.2748891115188598,538.3746329545975,0
83,query125,0.0,0.0,0.24669480323791498,0.24669480323791498,538.3746329545975,0
84,query126,0.0,0.0,22.126455724239353,22.126455724239353,538.3746329545975,0
85,query127,0.0,0.0,0.32847267389297485,0.32847267389297485,538.3746329545975,0
86,query128,0.0,0.0,0.3656985163688659,0.3656985163688659,538.3746329545975,0
87,query129,0.0,0.0,0.32420760393142695,0.32420760393142695,538.3746329545975,0
88,query123,0.0,0.0,1.2588608860969543,1.2588608860969543,538.3746329545975,0
89,query115,0.0,0.0,0.6047981381416321,0.6047981381416321,538.3746329545975,0
90,query114,0.0,0.0,0.38806670904159546,0.38806670904159546,538.3746329545975,0
91,query113,0.0,0.0,0.4144937992095947,0.4144937992095947,538.3746329545975,0
92,query10,0.0,0.0,0.37906259298324585,0.37906259298324585,538.3746329545975,0
93,query100,0.0,0.0,0.3504263758659363,0.3504263758659363,538.3746329545975,0
94,query101,0.0,0.0,0.3544265031814575,0.3544265031814575,538.3746329545975,0
95,query102,0.0,0.0,0.2713775038719177,0.2713775038719177,538.3746329545975,0
96,query103,0.0,0.0,0.2111877799034118,0.2111877799034118,538.3746329545975,0
97,query104,0.0,0.0,0.36106735467910767,0.36106735467910767,538.3746329545975,0
98,query105,0.0,0.0,1.4043402075767517,1.4043402075767517,538.3746329545975,0
99,query106,0.0,0.0,0.26611840724945063,0.26611840724945063,538.3746329545975,0
100,query107,0.0,0.0,3.377737522125244,3.377737522125244,538.3746329545975,0
101,query108,0.0,0.0,3.777303636074066,3.777303636074066,538.3746329545975,0
102,query109,0.0,0.0,0.35716283321380615,0.35716283321380615,538.3746329545975,0
103,query11,0.0,0.0,0.4015657901763916,0.4015657901763916,538.3746329545975,0
104,query110,0.0,0.0,0.27790558338165283,0.27790558338165283,538.3746329545975,0
105,query111,0.0,0.0,0.36507654190063477,0.36507654190063477,538.3746329545975,0
106,query112,0.0,0.0,0.2908414602279663,0.2908414602279663,538.3746329545975,0
107,query13,0.0,0.0,0.35918718576431274,0.35918718576431274,538.3746329545975,0
108,query98,0.0,0.0,0.587752640247345,0.587752640247345,538.3746329545975,0
109,query130,0.0,0.0,0.3555740714073181,0.3555740714073181,538.3746329545975,0
110,query132,0.0,0.0,0.30219775438308716,0.30219775438308716,538.3746329545975,0
111,query19,0.0,0.0,0.2558382153511047,0.2558382153511047,538.3746329545975,0
112,query2,0.0,0.0,0.7221940159797668,0.7221940159797668,538.3746329545975,0
113,query20,0.0,0.0,0.34951508045196533,0.34951508045196533,538.3746329545975,0
114,query21,0.0,0.0,0.364559531211853,0.364559531211853,538.3746329545975,0
115,query22,0.0,0.0,0.38195276260375977,0.38195276260375977,538.3746329545975,0
116,query23,0.0,0.0,0.277744710445404,0.277744710445404,538.3746329545975,0
117,query18,0.0,0.0,0.35098719596862793,0.35098719596862793,538.3746329545975,0
118,query24,0.0,0.0,0.22972589731216425,0.22972589731216425,538.3746329545975,0
119,query26,0.0,0.0,0.36055296659469604,0.36055296659469604,538.3746329545975,0
120,query27,0.0,0.0,0.3480705022811889,0.3480705022811889,538.3746329545975,0
121,query28,0.0,0.0,0.48126405477523804,0.48126405477523804,538.3746329545975,0
122,query29,0.0,0.0,0.3787152171134949,0.3787152171134949,538.3746329545975,0
123,query3,0.0,0.0,0.48270636796951294,0.48270636796951294,538.3746329545975,0
124,query30,0.0,0.0,1.6334160566329956,1.6334160566329956,538.3746329545975,0
125,query25,0.0,0.0,0.6601682305335999,0.6601682305335999,538.3746329545975,0
126,query17,0.0,0.0,0.23980116844177246,0.23980116844177246,538.3746329545975,0
127,query16,0.0,0.0,0.46806228160858154,0.46806228160858154,538.3746329545975,0
128,query15,0.0,0.0,0.5126734972000122,0.5126734972000122,538.3746329545975,0
129,query133,0.0,0.0,0.4396283626556396,0.4396283626556396,538.3746329545975,0
130,query134,0.0,0.0,0.3139492869377136,0.3139492869377136,538.3746329545975,0
131,query135,0.0,0.0,14.943352997303009,14.943352997303009,538.3746329545975,0
132,query136,0.0,0.0,1.8477473258972166,1.8477473258972166,538.3746329545975,0
133,query137,0.0,0.0,0.22507083415985105,0.22507083415985105,538.3746329545975,0
134,query138,0.0,0.0,0.32459157705307007,0.32459157705307007,538.3746329545975,0
135,query139,0.0,0.0,0.4237103462219238,0.4237103462219238,538.3746329545975,0
136,query14,0.0,0.0,0.3539507389068603,0.3539507389068603,538.3746329545975,0
137,query140,0.0,0.0,1.1386083960533142,1.1386083960533142,538.3746329545975,0
138,query141,0.0,0.0,2.292282819747925,2.292282819747925,538.3746329545975,0
139,query142,0.0,0.0,2.3519840836524963,2.3519840836524963,538.3746329545975,0
140,query143,0.0,0.0,1.3948901891708374,1.3948901891708374,538.3746329545975,0
141,query144,0.0,0.0,0.4907896518707275,0.4907896518707275,538.3746329545975,0
142,query145,0.0,0.0,0.38478517532348633,0.38478517532348633,538.3746329545975,0
143,query146,0.0,0.0,0.41122663021087646,0.41122663021087646,538.3746329545975,0
144,query131,0.0,0.0,0.3863419294357299,0.3863419294357299,538.3746329545975,0
145,query99,0.0,0.0,0.26648896932601923,0.26648896932601923,538.3746329545975,0
