index,query_id,start_time_x,planning_time_x,execution_time_x,execution_start_time_x,workload_time_x,ID_x,start_time_y,planning_time_y,execution_time_y,execution_start_time_y,workload_time_y,ID_y,diff,diffratio,PN
0,query135,0.0,0.0,14.943352997303009,14.943352997303009,538.3746329545975,0,0.0,0.0,29.618009388446808,29.618009388446808,29.618009388446808,1,-14.674656391143799,-1.98,False
1,query73,0.0,0.0,0.4059149622917175,0.4059149622917175,538.3746329545975,0,0.0,0.0,7.177544355392456,7.177544355392456,29.618009388446808,1,-6.7716293931007385,-17.68,False
2,query138,0.0,0.0,0.32459157705307007,0.32459157705307007,538.3746329545975,0,0.0,0.0,5.945519030094147,5.945519030094147,29.618009388446808,1,-5.620927453041077,-18.32,False
3,query61,0.0,0.0,0.4350431561470032,0.4350431561470032,538.3746329545975,0,0.0,0.0,2.361837923526764,2.361837923526764,29.618009388446808,1,-1.9267947673797607,-5.43,False
4,query2,0.0,0.0,0.7221940159797668,0.7221940159797668,538.3746329545975,0,0.0,0.0,1.335076928138733,1.335076928138733,29.618009388446808,1,-0.6128829121589661,-1.85,False
5,query143,0.0,0.0,1.3948901891708374,1.3948901891708374,538.3746329545975,0,0.0,0.0,1.9660096168518069,1.9660096168518069,29.618009388446808,1,-0.5711194276809695,-1.41,False
6,query110,0.0,0.0,0.27790558338165283,0.27790558338165283,538.3746329545975,0,0.0,0.0,0.795138955116272,0.795138955116272,29.618009388446808,1,-0.5172333717346191,-2.86,False
7,query46,0.0,0.0,0.43473494052886963,0.43473494052886963,538.3746329545975,0,0.0,0.0,0.837077260017395,0.837077260017395,29.618009388446808,1,-0.4023423194885254,-1.93,False
8,query5,0.0,0.0,0.31645655632019043,0.31645655632019043,538.3746329545975,0,0.0,0.0,0.6753780245780945,0.6753780245780945,29.618009388446808,1,-0.35892146825790405,-2.13,False
9,query79,0.0,0.0,0.4922628402709961,0.4922628402709961,538.3746329545975,0,0.0,0.0,0.8387334942817688,0.8387334942817688,29.618009388446808,1,-0.3464706540107727,-1.7,False
10,query77,0.0,0.0,0.35849529504775995,0.35849529504775995,538.3746329545975,0,0.0,0.0,0.6244061589241028,0.6244061589241028,29.618009388446808,1,-0.26591086387634283,-1.74,False
11,query72,0.0,0.0,0.3561704754829407,0.3561704754829407,538.3746329545975,0,0.0,0.0,0.6072888970375061,0.6072888970375061,29.618009388446808,1,-0.25111842155456543,-1.71,False
12,query71,0.0,0.0,0.6832281947135925,0.6832281947135925,538.3746329545975,0,0.0,0.0,0.9152490496635437,0.9152490496635437,29.618009388446808,1,-0.23202085494995117,-1.34,False
13,query129,0.0,0.0,0.32420760393142695,0.32420760393142695,538.3746329545975,0,0.0,0.0,0.5474182963371277,0.5474182963371277,29.618009388446808,1,-0.22321069240570074,-1.69,False
14,query29,0.0,0.0,0.3787152171134949,0.3787152171134949,538.3746329545975,0,0.0,0.0,0.5896473526954651,0.5896473526954651,29.618009388446808,1,-0.21093213558197021,-1.56,False
15,query31,0.0,0.0,0.3774344325065613,0.3774344325065613,538.3746329545975,0,0.0,0.0,0.5868688225746155,0.5868688225746155,29.618009388446808,1,-0.2094343900680542,-1.55,False
16,query20,0.0,0.0,0.34951508045196533,0.34951508045196533,538.3746329545975,0,0.0,0.0,0.5588998198509216,0.5588998198509216,29.618009388446808,1,-0.2093847393989563,-1.6,False
17,query139,0.0,0.0,0.4237103462219238,0.4237103462219238,538.3746329545975,0,0.0,0.0,0.6062957644462585,0.6062957644462585,29.618009388446808,1,-0.18258541822433477,-1.43,False
18,query94,0.0,0.0,0.19989472627639765,0.19989472627639765,538.3746329545975,0,0.0,0.0,0.35853832960128784,0.35853832960128784,29.618009388446808,1,-0.1586436033248902,-1.79,False
19,query80,0.0,0.0,0.2514740824699402,0.2514740824699402,538.3746329545975,0,0.0,0.0,0.3915119767189026,0.3915119767189026,29.618009388446808,1,-0.1400378942489624,-1.56,False
20,query54,0.0,0.0,0.23335450887680048,0.23335450887680048,538.3746329545975,0,0.0,0.0,0.3708710670471191,0.3708710670471191,29.618009388446808,1,-0.1375165581703186,-1.59,False
21,query3,0.0,0.0,0.48270636796951294,0.48270636796951294,538.3746329545975,0,0.0,0.0,0.6191844344139099,0.6191844344139099,29.618009388446808,1,-0.13647806644439697,-1.28,False
22,query142,0.0,0.0,2.3519840836524963,2.3519840836524963,538.3746329545975,0,0.0,0.0,2.487046778202057,2.487046778202057,29.618009388446808,1,-0.13506269454956055,-1.06,False
23,query56,0.0,0.0,0.3319885730743408,0.3319885730743408,538.3746329545975,0,0.0,0.0,0.46035236120224,0.46035236120224,29.618009388446808,1,-0.12836378812789917,-1.39,False
24,query92,0.0,0.0,0.23600256443023673,0.23600256443023673,538.3746329545975,0,0.0,0.0,0.3606256246566772,0.3606256246566772,29.618009388446808,1,-0.12462306022644046,-1.53,False
25,query115,0.0,0.0,0.6047981381416321,0.6047981381416321,538.3746329545975,0,0.0,0.0,0.7199121713638306,0.7199121713638306,29.618009388446808,1,-0.11511403322219849,-1.19,False
26,query66,0.0,0.0,0.3389202356338501,0.3389202356338501,538.3746329545975,0,0.0,0.0,0.4508144855499267,0.4508144855499267,29.618009388446808,1,-0.1118942499160766,-1.33,False
27,query62,0.0,0.0,0.3242993950843811,0.3242993950843811,538.3746329545975,0,0.0,0.0,0.435535192489624,0.435535192489624,29.618009388446808,1,-0.11123579740524292,-1.34,False
28,query23,0.0,0.0,0.277744710445404,0.277744710445404,538.3746329545975,0,0.0,0.0,0.3824272155761719,0.3824272155761719,29.618009388446808,1,-0.10468250513076788,-1.38,False
29,query53,0.0,0.0,0.301700234413147,0.301700234413147,538.3746329545975,0,0.0,0.0,0.3991154432296753,0.3991154432296753,29.618009388446808,1,-0.09741520881652832,-1.32,False
30,query74,0.0,0.0,0.6244796514511108,0.6244796514511108,538.3746329545975,0,0.0,0.0,0.7058292627334595,0.7058292627334595,29.618009388446808,1,-0.08134961128234863,-1.13,False
31,query144,0.0,0.0,0.4907896518707275,0.4907896518707275,538.3746329545975,0,0.0,0.0,0.5716232061386108,0.5716232061386108,29.618009388446808,1,-0.08083355426788336,-1.16,False
32,query90,0.0,0.0,0.2302150130271911,0.2302150130271911,538.3746329545975,0,0.0,0.0,0.3074774146080017,0.3074774146080017,29.618009388446808,1,-0.0772624015808106,-1.34,False
33,query127,0.0,0.0,0.32847267389297485,0.32847267389297485,538.3746329545975,0,0.0,0.0,0.40491944551467896,0.40491944551467896,29.618009388446808,1,-0.0764467716217041,-1.23,False
34,query95,0.0,0.0,0.3746602535247803,0.3746602535247803,538.3746329545975,0,0.0,0.0,0.4462704658508301,0.4462704658508301,29.618009388446808,1,-0.0716102123260498,-1.19,False
35,query119,0.0,0.0,0.3051900863647461,0.3051900863647461,538.3746329545975,0,0.0,0.0,0.37629395723342896,0.37629395723342896,29.618009388446808,1,-0.07110387086868286,-1.23,False
36,query114,0.0,0.0,0.38806670904159546,0.38806670904159546,538.3746329545975,0,0.0,0.0,0.45759743452072144,0.45759743452072144,29.618009388446808,1,-0.06953072547912598,-1.18,False
37,query85,0.0,0.0,0.25581032037734985,0.25581032037734985,538.3746329545975,0,0.0,0.0,0.3231527805328369,0.3231527805328369,29.618009388446808,1,-0.06734246015548706,-1.26,False
38,query103,0.0,0.0,0.2111877799034118,0.2111877799034118,538.3746329545975,0,0.0,0.0,0.27662998437881464,0.27662998437881464,29.618009388446808,1,-0.06544220447540283,-1.31,False
39,query137,0.0,0.0,0.22507083415985105,0.22507083415985105,538.3746329545975,0,0.0,0.0,0.2902221083641052,0.2902221083641052,29.618009388446808,1,-0.06515127420425418,-1.29,False
40,query91,0.0,0.0,0.27569854259490967,0.27569854259490967,538.3746329545975,0,0.0,0.0,0.33778542280197144,0.33778542280197144,29.618009388446808,1,-0.06208688020706177,-1.23,False
41,query65,0.0,0.0,0.32125288248062134,0.32125288248062134,538.3746329545975,0,0.0,0.0,0.38167738914489746,0.38167738914489746,29.618009388446808,1,-0.06042450666427612,-1.19,False
42,query76,0.0,0.0,0.3753817081451416,0.3753817081451416,538.3746329545975,0,0.0,0.0,0.43332749605178833,0.43332749605178833,29.618009388446808,1,-0.05794578790664673,-1.15,False
43,query133,0.0,0.0,0.4396283626556396,0.4396283626556396,538.3746329545975,0,0.0,0.0,0.4882310628890991,0.4882310628890991,29.618009388446808,1,-0.04860270023345953,-1.11,False
44,query59,0.0,0.0,0.8773427605628967,0.8773427605628967,538.3746329545975,0,0.0,0.0,0.9249836206436156,0.9249836206436156,29.618009388446808,1,-0.04764086008071888,-1.05,False
45,query30,0.0,0.0,1.6334160566329956,1.6334160566329956,538.3746329545975,0,0.0,0.0,1.679668664932251,1.679668664932251,29.618009388446808,1,-0.04625260829925537,-1.03,False
46,query1,0.0,0.0,1.9864511489868164,1.9864511489868164,538.3746329545975,0,0.0,0.0,2.029119372367859,2.029119372367859,29.618009388446808,1,-0.04266822338104248,-1.02,False
47,query118,0.0,0.0,0.4071735739707947,0.4071735739707947,538.3746329545975,0,0.0,0.0,0.448352575302124,0.448352575302124,29.618009388446808,1,-0.041179001331329346,-1.1,False
48,query39,0.0,0.0,0.33669769763946533,0.33669769763946533,538.3746329545975,0,0.0,0.0,0.3746500611305237,0.3746500611305237,29.618009388446808,1,-0.03795236349105835,-1.11,False
49,query44,0.0,0.0,0.3341698050498962,0.3341698050498962,538.3746329545975,0,0.0,0.0,0.36624640226364136,0.36624640226364136,29.618009388446808,1,-0.03207659721374517,-1.1,False
50,query93,0.0,0.0,0.20594328641891477,0.20594328641891477,538.3746329545975,0,0.0,0.0,0.2376883029937744,0.2376883029937744,29.618009388446808,1,-0.03174501657485962,-1.15,False
51,query24,0.0,0.0,0.22972589731216425,0.22972589731216425,538.3746329545975,0,0.0,0.0,0.26038515567779535,0.26038515567779535,29.618009388446808,1,-0.030659258365631104,-1.13,False
52,query36,0.0,0.0,0.20271110534667966,0.20271110534667966,538.3746329545975,0,0.0,0.0,0.23312151432037348,0.23312151432037348,29.618009388446808,1,-0.03041040897369382,-1.15,False
53,query81,0.0,0.0,0.21891278028488154,0.21891278028488154,538.3746329545975,0,0.0,0.0,0.2486372590065002,0.2486372590065002,29.618009388446808,1,-0.029724478721618652,-1.14,False
54,query124,0.0,0.0,0.2748891115188598,0.2748891115188598,538.3746329545975,0,0.0,0.0,0.30402219295501703,0.30402219295501703,29.618009388446808,1,-0.029133081436157227,-1.11,False
55,query117,0.0,0.0,0.36585819721221924,0.36585819721221924,538.3746329545975,0,0.0,0.0,0.39298409223556513,0.39298409223556513,29.618009388446808,1,-0.027125895023345892,-1.07,False
56,query84,0.0,0.0,0.3352259397506714,0.3352259397506714,538.3746329545975,0,0.0,0.0,0.35869497060775757,0.35869497060775757,29.618009388446808,1,-0.02346903085708618,-1.07,False
57,query55,0.0,0.0,0.26980626583099365,0.26980626583099365,538.3746329545975,0,0.0,0.0,0.29284393787384033,0.29284393787384033,29.618009388446808,1,-0.02303767204284668,-1.09,False
58,query63,0.0,0.0,0.31017786264419556,0.31017786264419556,538.3746329545975,0,0.0,0.0,0.33311730623245234,0.33311730623245234,29.618009388446808,1,-0.02293944358825678,-1.07,False
59,query22,0.0,0.0,0.38195276260375977,0.38195276260375977,538.3746329545975,0,0.0,0.0,0.40408557653427124,0.40408557653427124,29.618009388446808,1,-0.022132813930511475,-1.06,False
60,query145,0.0,0.0,0.38478517532348633,0.38478517532348633,538.3746329545975,0,0.0,0.0,0.40599125623703003,0.40599125623703003,29.618009388446808,1,-0.0212060809135437,-1.06,False
61,query134,0.0,0.0,0.3139492869377136,0.3139492869377136,538.3746329545975,0,0.0,0.0,0.3340691328048706,0.3340691328048706,29.618009388446808,1,-0.020119845867156982,-1.06,False
62,query26,0.0,0.0,0.36055296659469604,0.36055296659469604,538.3746329545975,0,0.0,0.0,0.37978321313858027,0.37978321313858027,29.618009388446808,1,-0.019230246543884222,-1.05,False
63,query82,0.0,0.0,0.3151333928108215,0.3151333928108215,538.3746329545975,0,0.0,0.0,0.3341907858848572,0.3341907858848572,29.618009388446808,1,-0.0190573930740357,-1.06,False
64,query106,0.0,0.0,0.26611840724945063,0.26611840724945063,538.3746329545975,0,0.0,0.0,0.2846192717552185,0.2846192717552185,29.618009388446808,1,-0.018500864505767878,-1.07,False
65,query45,0.0,0.0,0.24504768848419184,0.24504768848419184,538.3746329545975,0,0.0,0.0,0.26331400871276855,0.26331400871276855,29.618009388446808,1,-0.018266320228576716,-1.07,False
66,query4,0.0,0.0,0.4966993927955627,0.4966993927955627,538.3746329545975,0,0.0,0.0,0.5145341157913208,0.5145341157913208,29.618009388446808,1,-0.017834722995758112,-1.04,False
67,query78,0.0,0.0,0.3313625454902649,0.3313625454902649,538.3746329545975,0,0.0,0.0,0.3491072654724121,0.3491072654724121,29.618009388446808,1,-0.017744719982147217,-1.05,False
68,query64,0.0,0.0,0.43365907669067383,0.43365907669067383,538.3746329545975,0,0.0,0.0,0.45061159133911133,0.45061159133911133,29.618009388446808,1,-0.0169525146484375,-1.04,False
69,query111,0.0,0.0,0.36507654190063477,0.36507654190063477,538.3746329545975,0,0.0,0.0,0.3806656002998352,0.3806656002998352,29.618009388446808,1,-0.01558905839920044,-1.04,False
70,query17,0.0,0.0,0.23980116844177246,0.23980116844177246,538.3746329545975,0,0.0,0.0,0.2540247440338134,0.2540247440338134,29.618009388446808,1,-0.01422357559204096,-1.06,False
71,query112,0.0,0.0,0.2908414602279663,0.2908414602279663,538.3746329545975,0,0.0,0.0,0.3035418391227722,0.3035418391227722,29.618009388446808,1,-0.012700378894805908,-1.04,False
72,query19,0.0,0.0,0.2558382153511047,0.2558382153511047,538.3746329545975,0,0.0,0.0,0.2672842741012573,0.2672842741012573,29.618009388446808,1,-0.011446058750152643,-1.04,False
73,query18,0.0,0.0,0.35098719596862793,0.35098719596862793,538.3746329545975,0,0.0,0.0,0.3598642349243164,0.3598642349243164,29.618009388446808,1,-0.008877038955688477,-1.03,False
74,query21,0.0,0.0,0.364559531211853,0.364559531211853,538.3746329545975,0,0.0,0.0,0.37328577041625977,0.37328577041625977,29.618009388446808,1,-0.008726239204406738,-1.02,False
75,query6,0.0,0.0,0.3792029023170471,0.3792029023170471,538.3746329545975,0,0.0,0.0,0.38783723115921015,0.38783723115921015,29.618009388446808,1,-0.00863432884216303,-1.02,False
76,query101,0.0,0.0,0.3544265031814575,0.3544265031814575,538.3746329545975,0,0.0,0.0,0.3630136251449585,0.3630136251449585,29.618009388446808,1,-0.008587121963500977,-1.02,False
77,query7,0.0,0.0,2.1974026560783386,2.1974026560783386,538.3746329545975,0,0.0,0.0,2.205882966518402,2.205882966518402,29.618009388446808,1,-0.008480310440063477,-1.0,False
78,query9,0.0,0.0,0.4258623719215393,0.4258623719215393,538.3746329545975,0,0.0,0.0,0.43320316076278687,0.43320316076278687,29.618009388446808,1,-0.007340788841247559,-1.02,False
79,query40,0.0,0.0,0.2650837898254394,0.2650837898254394,538.3746329545975,0,0.0,0.0,0.27035737037658686,0.27035737037658686,29.618009388446808,1,-0.005273580551147461,-1.02,False
80,query83,0.0,0.0,0.3143799901008606,0.3143799901008606,538.3746329545975,0,0.0,0.0,0.31905919313430786,0.31905919313430786,29.618009388446808,1,-0.004679203033447266,-1.01,False
81,query121,0.0,0.0,0.3273710012435913,0.3273710012435913,538.3746329545975,0,0.0,0.0,0.33188176155090326,0.33188176155090326,29.618009388446808,1,-0.004510760307311956,-1.01,False
82,query109,0.0,0.0,0.35716283321380615,0.35716283321380615,538.3746329545975,0,0.0,0.0,0.36131417751312256,0.36131417751312256,29.618009388446808,1,-0.004151344299316406,-1.01,False
83,query87,0.0,0.0,0.20865255594253534,0.20865255594253534,538.3746329545975,0,0.0,0.0,0.2095271348953247,0.2095271348953247,29.618009388446808,1,-0.0008745789527893622,-1.0,False
84,query96,0.0,0.0,0.3862243890762329,0.3862243890762329,538.3746329545975,0,0.0,0.0,0.38513779640197754,0.38513779640197754,29.618009388446808,1,0.001086592674255371,1.0,True
85,query37,0.0,0.0,0.34917861223220825,0.34917861223220825,538.3746329545975,0,0.0,0.0,0.3480719327926636,0.3480719327926636,29.618009388446808,1,0.0011066794395446777,1.0,True
86,query67,0.0,0.0,0.309896171092987,0.309896171092987,538.3746329545975,0,0.0,0.0,0.3083999752998352,0.3083999752998352,29.618009388446808,1,0.0014961957931518,1.0,True
87,query102,0.0,0.0,0.2713775038719177,0.2713775038719177,538.3746329545975,0,0.0,0.0,0.26946955919265747,0.26946955919265747,29.618009388446808,1,0.001907944679260254,1.01,True
88,query41,0.0,0.0,0.2714851498603821,0.2714851498603821,538.3746329545975,0,0.0,0.0,0.26924580335617065,0.26924580335617065,29.618009388446808,1,0.0022393465042114258,1.01,True
89,query57,0.0,0.0,0.2688642144203186,0.2688642144203186,538.3746329545975,0,0.0,0.0,0.2659825086593628,0.2659825086593628,29.618009388446808,1,0.0028817057609558105,1.01,True
90,query86,0.0,0.0,0.3319817781448364,0.3319817781448364,538.3746329545975,0,0.0,0.0,0.32854628562927246,0.32854628562927246,29.618009388446808,1,0.003435492515563965,1.01,True
91,query27,0.0,0.0,0.3480705022811889,0.3480705022811889,538.3746329545975,0,0.0,0.0,0.3435842990875244,0.3435842990875244,29.618009388446808,1,0.004486203193664495,1.01,True
92,query132,0.0,0.0,0.30219775438308716,0.30219775438308716,538.3746329545975,0,0.0,0.0,0.2961219549179077,0.2961219549179077,29.618009388446808,1,0.006075799465179443,1.02,True
93,query43,0.0,0.0,0.36140960454940796,0.36140960454940796,538.3746329545975,0,0.0,0.0,0.35329777002334595,0.35329777002334595,29.618009388446808,1,0.008111834526062012,1.02,True
94,query16,0.0,0.0,0.46806228160858154,0.46806228160858154,538.3746329545975,0,0.0,0.0,0.45988404750823975,0.45988404750823975,29.618009388446808,1,0.008178234100341797,1.02,True
95,query128,0.0,0.0,0.3656985163688659,0.3656985163688659,538.3746329545975,0,0.0,0.0,0.35640227794647217,0.35640227794647217,29.618009388446808,1,0.009296238422393743,1.03,True
96,query130,0.0,0.0,0.3555740714073181,0.3555740714073181,538.3746329545975,0,0.0,0.0,0.34603172540664673,0.34603172540664673,29.618009388446808,1,0.009542346000671387,1.03,True
97,query75,0.0,0.0,0.49819034337997437,0.49819034337997437,538.3746329545975,0,0.0,0.0,0.4884382486343384,0.4884382486343384,29.618009388446808,1,0.009752094745635986,1.02,True
98,query99,0.0,0.0,0.26648896932601923,0.26648896932601923,538.3746329545975,0,0.0,0.0,0.25574564933776855,0.25574564933776855,29.618009388446808,1,0.010743319988250677,1.04,True
99,query11,0.0,0.0,0.4015657901763916,0.4015657901763916,538.3746329545975,0,0.0,0.0,0.39028000831604004,0.39028000831604004,29.618009388446808,1,0.011285781860351562,1.03,True
100,query89,0.0,0.0,0.22121727466583246,0.22121727466583246,538.3746329545975,0,0.0,0.0,0.20979553461074824,0.20979553461074824,29.618009388446808,1,0.011421740055084229,1.05,True
101,query35,0.0,0.0,0.3033365607261657,0.3033365607261657,538.3746329545975,0,0.0,0.0,0.2906087636947632,0.2906087636947632,29.618009388446808,1,0.012727797031402532,1.04,True
102,query146,0.0,0.0,0.41122663021087646,0.41122663021087646,538.3746329545975,0,0.0,0.0,0.39591026306152344,0.39591026306152344,29.618009388446808,1,0.015316367149353027,1.04,True
103,query28,0.0,0.0,0.48126405477523804,0.48126405477523804,538.3746329545975,0,0.0,0.0,0.4636955261230469,0.4636955261230469,29.618009388446808,1,0.017568528652191162,1.04,True
104,query116,0.0,0.0,0.3502663969993591,0.3502663969993591,538.3746329545975,0,0.0,0.0,0.32833075523376465,0.32833075523376465,29.618009388446808,1,0.021935641765594427,1.07,True
105,query97,0.0,0.0,0.6612166166305542,0.6612166166305542,538.3746329545975,0,0.0,0.0,0.6378830075263977,0.6378830075263977,29.618009388446808,1,0.023333609104156494,1.04,True
106,query100,0.0,0.0,0.3504263758659363,0.3504263758659363,538.3746329545975,0,0.0,0.0,0.322823703289032,0.322823703289032,29.618009388446808,1,0.027602672576904297,1.09,True
107,query60,0.0,0.0,0.5208880305290222,0.5208880305290222,538.3746329545975,0,0.0,0.0,0.4904576539993286,0.4904576539993286,29.618009388446808,1,0.030430376529693604,1.06,True
108,query125,0.0,0.0,0.24669480323791498,0.24669480323791498,538.3746329545975,0,0.0,0.0,0.21519231796264646,0.21519231796264646,29.618009388446808,1,0.03150248527526853,1.15,True
109,query113,0.0,0.0,0.4144937992095947,0.4144937992095947,538.3746329545975,0,0.0,0.0,0.37270236015319824,0.37270236015319824,29.618009388446808,1,0.041791439056396484,1.11,True
110,query14,0.0,0.0,0.3539507389068603,0.3539507389068603,538.3746329545975,0,0.0,0.0,0.3116734027862549,0.3116734027862549,29.618009388446808,1,0.04227733612060541,1.14,True
111,query131,0.0,0.0,0.3863419294357299,0.3863419294357299,538.3746329545975,0,0.0,0.0,0.3436415791511535,0.3436415791511535,29.618009388446808,1,0.042700350284576416,1.12,True
112,query42,0.0,0.0,0.40004938840866083,0.40004938840866083,538.3746329545975,0,0.0,0.0,0.35582721233367914,0.35582721233367914,29.618009388446808,1,0.04422217607498169,1.12,True
113,query88,0.0,0.0,0.32476675510406494,0.32476675510406494,538.3746329545975,0,0.0,0.0,0.2723236680030823,0.2723236680030823,29.618009388446808,1,0.052443087100982666,1.19,True
114,query104,0.0,0.0,0.36106735467910767,0.36106735467910767,538.3746329545975,0,0.0,0.0,0.30615586042404175,0.30615586042404175,29.618009388446808,1,0.05491149425506592,1.18,True
115,query13,0.0,0.0,0.35918718576431274,0.35918718576431274,538.3746329545975,0,0.0,0.0,0.29890793561935425,0.29890793561935425,29.618009388446808,1,0.060279250144958496,1.2,True
116,query52,0.0,0.0,1.7454912066459656,1.7454912066459656,538.3746329545975,0,0.0,0.0,1.6750918626785278,1.6750918626785278,29.618009388446808,1,0.07039934396743774,1.04,True
117,query10,0.0,0.0,0.37906259298324585,0.37906259298324585,538.3746329545975,0,0.0,0.0,0.3019530773162842,0.3019530773162842,29.618009388446808,1,0.07710951566696167,1.26,True
118,query25,0.0,0.0,0.6601682305335999,0.6601682305335999,538.3746329545975,0,0.0,0.0,0.5724308490753174,0.5724308490753174,29.618009388446808,1,0.08773738145828247,1.15,True
119,query15,0.0,0.0,0.5126734972000122,0.5126734972000122,538.3746329545975,0,0.0,0.0,0.36237978935241694,0.36237978935241694,29.618009388446808,1,0.15029370784759527,1.41,True
120,query98,0.0,0.0,0.587752640247345,0.587752640247345,538.3746329545975,0,0.0,0.0,0.3709068298339844,0.3709068298339844,29.618009388446808,1,0.2168458104133606,1.58,True
121,query70,0.0,0.0,0.9687475562095642,0.9687475562095642,538.3746329545975,0,0.0,0.0,0.6501102447509766,0.6501102447509766,29.618009388446808,1,0.31863731145858765,1.49,True
122,query140,0.0,0.0,1.1386083960533142,1.1386083960533142,538.3746329545975,0,0.0,0.0,0.7309507131576538,0.7309507131576538,29.618009388446808,1,0.4076576828956604,1.56,True
123,query69,0.0,0.0,1.1360994577407837,1.1360994577407837,538.3746329545975,0,0.0,0.0,0.6681749820709229,0.6681749820709229,29.618009388446808,1,0.46792447566986084,1.7,True
124,query38,0.0,0.0,0.9782931804656982,0.9782931804656982,538.3746329545975,0,0.0,0.0,0.4242246747016907,0.4242246747016907,29.618009388446808,1,0.5540685057640076,2.31,True
125,query51,0.0,0.0,0.9864052534103394,0.9864052534103394,538.3746329545975,0,0.0,0.0,0.4186353087425232,0.4186353087425232,29.618009388446808,1,0.5677699446678162,2.36,True
126,query8,0.0,0.0,1.4715434312820435,1.4715434312820435,538.3746329545975,0,0.0,0.0,0.44085150957107544,0.44085150957107544,29.618009388446808,1,1.030691921710968,3.34,True
127,query123,0.0,0.0,1.2588608860969543,1.2588608860969543,538.3746329545975,0,0.0,0.0,0.19717639684677118,0.19717639684677118,29.618009388446808,1,1.061684489250183,6.38,True
128,query47,0.0,0.0,1.527653455734253,1.527653455734253,538.3746329545975,0,0.0,0.0,0.4456408619880676,0.4456408619880676,29.618009388446808,1,1.0820125937461853,3.43,True
129,query105,0.0,0.0,1.4043402075767517,1.4043402075767517,538.3746329545975,0,0.0,0.0,0.2860432267189026,0.2860432267189026,29.618009388446808,1,1.1182969808578491,4.91,True
130,query136,0.0,0.0,1.8477473258972166,1.8477473258972166,538.3746329545975,0,0.0,0.0,0.33730971813201904,0.33730971813201904,29.618009388446808,1,1.5104376077651975,5.48,True
131,query141,0.0,0.0,2.292282819747925,2.292282819747925,538.3746329545975,0,0.0,0.0,0.6536739468574524,0.6536739468574524,29.618009388446808,1,1.6386088728904724,3.51,True
132,query107,0.0,0.0,3.377737522125244,3.377737522125244,538.3746329545975,0,0.0,0.0,0.30086272954940796,0.30086272954940796,29.618009388446808,1,3.076874792575836,11.23,True
133,query34,0.0,0.0,3.797787368297577,3.797787368297577,538.3746329545975,0,0.0,0.0,0.3194117546081543,0.3194117546081543,29.618009388446808,1,3.4783756136894226,11.89,True
134,query108,0.0,0.0,3.777303636074066,3.777303636074066,538.3746329545975,0,0.0,0.0,0.2836272716522216,0.2836272716522216,29.618009388446808,1,3.4936763644218445,13.32,True
135,query12,0.0,0.0,3.915521025657654,3.915521025657654,538.3746329545975,0,0.0,0.0,0.3522418141365051,0.3522418141365051,29.618009388446808,1,3.5632792115211487,11.12,True
136,query33,0.0,0.0,34.10571998357773,34.10571998357773,538.3746329545975,0,0.0,0.0,27.60117256641388,27.60117256641388,29.618009388446808,1,6.504547417163849,1.24,True
137,query68,0.0,0.0,7.442726731300354,7.442726731300354,538.3746329545975,0,0.0,0.0,0.8251473307609558,0.8251473307609558,29.618009388446808,1,6.617579400539398,9.02,True
138,query50,0.0,0.0,8.025023102760315,8.025023102760315,538.3746329545975,0,0.0,0.0,0.24436491727828977,0.24436491727828977,29.618009388446808,1,7.780658185482025,32.84,True
139,query126,0.0,0.0,22.126455724239353,22.126455724239353,538.3746329545975,0,0.0,0.0,0.42425429821014404,0.42425429821014404,29.618009388446808,1,21.70220142602921,52.15,True
140,query122,0.0,0.0,63.07440596818924,63.07440596818924,538.3746329545975,0,0.0,0.0,0.306835412979126,0.306835412979126,29.618009388446808,1,62.76757055521011,205.56,True
141,query120,0.0,0.0,65.28146153688431,65.28146153688431,538.3746329545975,0,0.0,0.0,0.38848352432250977,0.38848352432250977,29.618009388446808,1,64.8929780125618,168.04,True
142,query58,0.0,0.0,100.83409571647645,100.83409571647645,538.3746329545975,0,0.0,0.0,0.4011053442955017,0.4011053442955017,29.618009388446808,1,100.43299037218095,251.39,True
143,query48,0.0,0.0,218.23610192537308,218.23610192537308,538.3746329545975,0,0.0,0.0,0.27068209648132324,0.27068209648132324,29.618009388446808,1,217.96541982889175,806.25,True
144,query49,0.0,0.0,239.96957659721375,239.96957659721375,538.3746329545975,0,0.0,0.0,0.38216269016265864,0.38216269016265864,29.618009388446808,1,239.5874139070511,627.93,True
145,query32,0.0,0.0,538.3746329545975,538.3746329545975,538.3746329545975,0,0.0,0.0,0.479478657245636,0.479478657245636,29.618009388446808,1,537.8951542973518,1122.83,True
