index,query_id,start_time_x,planning_time_x,execution_time_x,execution_start_time_x,workload_time_x,ID_x,start_time_y,planning_time_y,execution_time_y,execution_start_time_y,workload_time_y,ID_y,diff,diffratio,PN
0,query135,0.0,0.0,12.09744930267334,12.09744930267334,490.5541630387306,0,0.0,0.0,25.45420217514038,25.45420217514038,31.103899478912354,1,-13.356752872467041,-2.1,False
1,query73,0.0,0.0,0.41582047939300537,0.41582047939300537,490.5541630387306,0,0.0,0.0,6.66118323802948,6.66118323802948,31.103899478912354,1,-6.245362758636475,-16.02,False
2,query138,0.0,0.0,0.32901597023010254,0.32901597023010254,490.5541630387306,0,0.0,0.0,5.936904788017273,5.936904788017273,31.103899478912354,1,-5.60788881778717,-18.04,False
3,query61,0.0,0.0,0.40704679489135737,0.40704679489135737,490.5541630387306,0,0.0,0.0,2.229546844959259,2.229546844959259,31.103899478912354,1,-1.8225000500679016,-5.48,False
4,query2,0.0,0.0,0.6958550214767456,0.6958550214767456,490.5541630387306,0,0.0,0.0,1.3248426914215088,1.3248426914215088,31.103899478912354,1,-0.6289876699447632,-1.9,False
5,query5,0.0,0.0,0.30945515632629395,0.30945515632629395,490.5541630387306,0,0.0,0.0,0.8307228684425354,0.8307228684425354,31.103899478912354,1,-0.5212677121162415,-2.68,False
6,query110,0.0,0.0,0.27479857206344604,0.27479857206344604,490.5541630387306,0,0.0,0.0,0.7756633758544922,0.7756633758544922,31.103899478912354,1,-0.5008648037910461,-2.82,False
7,query46,0.0,0.0,0.4373812079429626,0.4373812079429626,490.5541630387306,0,0.0,0.0,0.9148550629615784,0.9148550629615784,31.103899478912354,1,-0.4774738550186158,-2.09,False
8,query143,0.0,0.0,1.303132951259613,1.303132951259613,490.5541630387306,0,0.0,0.0,1.770883321762085,1.770883321762085,31.103899478912354,1,-0.4677503705024719,-1.36,False
9,query52,0.0,0.0,1.333597719669342,1.333597719669342,490.5541630387306,0,0.0,0.0,1.726588845252991,1.726588845252991,31.103899478912354,1,-0.3929911255836489,-1.29,False
10,query79,0.0,0.0,0.4462907314300537,0.4462907314300537,490.5541630387306,0,0.0,0.0,0.7508686780929565,0.7508686780929565,31.103899478912354,1,-0.30457794666290283,-1.68,False
11,query72,0.0,0.0,0.38310718536376953,0.38310718536376953,490.5541630387306,0,0.0,0.0,0.6781336665153503,0.6781336665153503,31.103899478912354,1,-0.2950264811515808,-1.77,False
12,query3,0.0,0.0,0.5134074091911316,0.5134074091911316,490.5541630387306,0,0.0,0.0,0.7750601172447205,0.7750601172447205,31.103899478912354,1,-0.26165270805358887,-1.51,False
13,query4,0.0,0.0,0.5219097137451172,0.5219097137451172,490.5541630387306,0,0.0,0.0,0.7747451066970825,0.7747451066970825,31.103899478912354,1,-0.25283539295196533,-1.48,False
14,query29,0.0,0.0,0.41462659835815424,0.41462659835815424,490.5541630387306,0,0.0,0.0,0.6572234034538269,0.6572234034538269,31.103899478912354,1,-0.24259680509567266,-1.59,False
15,query20,0.0,0.0,0.36763554811477656,0.36763554811477656,490.5541630387306,0,0.0,0.0,0.5859273076057434,0.5859273076057434,31.103899478912354,1,-0.21829175949096685,-1.59,False
16,query56,0.0,0.0,0.32927852869033813,0.32927852869033813,490.5541630387306,0,0.0,0.0,0.5399252772331238,0.5399252772331238,31.103899478912354,1,-0.21064674854278564,-1.64,False
17,query71,0.0,0.0,0.6902288198471069,0.6902288198471069,490.5541630387306,0,0.0,0.0,0.9003111124038696,0.9003111124038696,31.103899478912354,1,-0.2100822925567627,-1.3,False
18,query129,0.0,0.0,0.3455105423927307,0.3455105423927307,490.5541630387306,0,0.0,0.0,0.5441570281982422,0.5441570281982422,31.103899478912354,1,-0.19864648580551147,-1.57,False
19,query142,0.0,0.0,2.0900315046310425,2.0900315046310425,490.5541630387306,0,0.0,0.0,2.2884207367897034,2.2884207367897034,31.103899478912354,1,-0.1983892321586609,-1.09,False
20,query139,0.0,0.0,0.40820223093032837,0.40820223093032837,490.5541630387306,0,0.0,0.0,0.6038554906845093,0.6038554906845093,31.103899478912354,1,-0.1956532597541809,-1.48,False
21,query23,0.0,0.0,0.2549937963485717,0.2549937963485717,490.5541630387306,0,0.0,0.0,0.4466724991798401,0.4466724991798401,31.103899478912354,1,-0.19167870283126837,-1.75,False
22,query54,0.0,0.0,0.24457019567489618,0.24457019567489618,490.5541630387306,0,0.0,0.0,0.4348597526550293,0.4348597526550293,31.103899478912354,1,-0.1902895569801331,-1.78,False
23,query94,0.0,0.0,0.18387472629547114,0.18387472629547114,490.5541630387306,0,0.0,0.0,0.3740345239639282,0.3740345239639282,31.103899478912354,1,-0.1901597976684571,-2.03,False
24,query22,0.0,0.0,0.33927756547927856,0.33927756547927856,490.5541630387306,0,0.0,0.0,0.5120865106582642,0.5120865106582642,31.103899478912354,1,-0.1728089451789856,-1.51,False
25,query74,0.0,0.0,0.6795303821563721,0.6795303821563721,490.5541630387306,0,0.0,0.0,0.8366290926933289,0.8366290926933289,31.103899478912354,1,-0.1570987105369568,-1.23,False
26,query97,0.0,0.0,0.49915003776550293,0.49915003776550293,490.5541630387306,0,0.0,0.0,0.645897388458252,0.645897388458252,31.103899478912354,1,-0.14674735069274902,-1.29,False
27,query31,0.0,0.0,0.37713301181793213,0.37713301181793213,490.5541630387306,0,0.0,0.0,0.521787166595459,0.521787166595459,31.103899478912354,1,-0.14465415477752686,-1.38,False
28,query92,0.0,0.0,0.2577069401741028,0.2577069401741028,490.5541630387306,0,0.0,0.0,0.3977596163749694,0.3977596163749694,31.103899478912354,1,-0.14005267620086664,-1.54,False
29,query77,0.0,0.0,0.4238409399986267,0.4238409399986267,490.5541630387306,0,0.0,0.0,0.5290496349334717,0.5290496349334717,31.103899478912354,1,-0.10520869493484497,-1.25,False
30,query85,0.0,0.0,0.22432583570480344,0.22432583570480344,490.5541630387306,0,0.0,0.0,0.3255868554115295,0.3255868554115295,31.103899478912354,1,-0.10126101970672605,-1.45,False
31,query103,0.0,0.0,0.2024464607238769,0.2024464607238769,490.5541630387306,0,0.0,0.0,0.30258870124816895,0.30258870124816895,31.103899478912354,1,-0.10014224052429205,-1.49,False
32,query90,0.0,0.0,0.26393210887908936,0.26393210887908936,490.5541630387306,0,0.0,0.0,0.36339050531387324,0.36339050531387324,31.103899478912354,1,-0.09945839643478388,-1.38,False
33,query95,0.0,0.0,0.37050992250442505,0.37050992250442505,490.5541630387306,0,0.0,0.0,0.4599323272705078,0.4599323272705078,31.103899478912354,1,-0.08942240476608276,-1.24,False
34,query25,0.0,0.0,0.6147511005401611,0.6147511005401611,490.5541630387306,0,0.0,0.0,0.6981299519538879,0.6981299519538879,31.103899478912354,1,-0.0833788514137268,-1.14,False
35,query62,0.0,0.0,0.3368654251098633,0.3368654251098633,490.5541630387306,0,0.0,0.0,0.41886550188064575,0.41886550188064575,31.103899478912354,1,-0.08200007677078247,-1.24,False
36,query53,0.0,0.0,0.34644216299057007,0.34644216299057007,490.5541630387306,0,0.0,0.0,0.4280775785446167,0.4280775785446167,31.103899478912354,1,-0.08163541555404663,-1.24,False
37,query91,0.0,0.0,0.2950187921524048,0.2950187921524048,490.5541630387306,0,0.0,0.0,0.37452971935272217,0.37452971935272217,31.103899478912354,1,-0.07951092720031738,-1.27,False
38,query115,0.0,0.0,0.5118126273155212,0.5118126273155212,490.5541630387306,0,0.0,0.0,0.5891484022140503,0.5891484022140503,31.103899478912354,1,-0.07733577489852905,-1.15,False
39,query80,0.0,0.0,0.2762058973312378,0.2762058973312378,490.5541630387306,0,0.0,0.0,0.35253536701202387,0.35253536701202387,31.103899478912354,1,-0.07632946968078608,-1.28,False
40,query36,0.0,0.0,0.19381862878799433,0.19381862878799433,490.5541630387306,0,0.0,0.0,0.26143813133239746,0.26143813133239746,31.103899478912354,1,-0.06761950254440313,-1.35,False
41,query124,0.0,0.0,0.2265863418579101,0.2265863418579101,490.5541630387306,0,0.0,0.0,0.29100334644317627,0.29100334644317627,31.103899478912354,1,-0.06441700458526617,-1.28,False
42,query59,0.0,0.0,0.8883265256881714,0.8883265256881714,490.5541630387306,0,0.0,0.0,0.9522932767868042,0.9522932767868042,31.103899478912354,1,-0.06396675109863281,-1.07,False
43,query57,0.0,0.0,0.21575057506561277,0.21575057506561277,490.5541630387306,0,0.0,0.0,0.27864116430282587,0.27864116430282587,31.103899478912354,1,-0.06289058923721311,-1.29,False
44,query114,0.0,0.0,0.37059712409973145,0.37059712409973145,490.5541630387306,0,0.0,0.0,0.43258827924728394,0.43258827924728394,31.103899478912354,1,-0.06199115514755249,-1.17,False
45,query119,0.0,0.0,0.3106004595756531,0.3106004595756531,490.5541630387306,0,0.0,0.0,0.3725680708885193,0.3725680708885193,31.103899478912354,1,-0.06196761131286621,-1.2,False
46,query133,0.0,0.0,0.3841315507888794,0.3841315507888794,490.5541630387306,0,0.0,0.0,0.4396147727966308,0.4396147727966308,31.103899478912354,1,-0.05548322200775141,-1.14,False
47,query11,0.0,0.0,0.37473595142364496,0.37473595142364496,490.5541630387306,0,0.0,0.0,0.42657917737960815,0.42657917737960815,31.103899478912354,1,-0.05184322595596319,-1.14,False
48,query121,0.0,0.0,0.3173303008079529,0.3173303008079529,490.5541630387306,0,0.0,0.0,0.3690742254257202,0.3690742254257202,31.103899478912354,1,-0.051743924617767334,-1.16,False
49,query55,0.0,0.0,0.2822674512863159,0.2822674512863159,490.5541630387306,0,0.0,0.0,0.3329793214797973,0.3329793214797973,31.103899478912354,1,-0.05071187019348139,-1.18,False
50,query42,0.0,0.0,0.3575345873832702,0.3575345873832702,490.5541630387306,0,0.0,0.0,0.4080947041511535,0.4080947041511535,31.103899478912354,1,-0.0505601167678833,-1.14,False
51,query44,0.0,0.0,0.33395582437515253,0.33395582437515253,490.5541630387306,0,0.0,0.0,0.382529079914093,0.382529079914093,31.103899478912354,1,-0.048573255538940485,-1.15,False
52,query127,0.0,0.0,0.33392560482025146,0.33392560482025146,490.5541630387306,0,0.0,0.0,0.3770573139190674,0.3770573139190674,31.103899478912354,1,-0.04313170909881592,-1.13,False
53,query84,0.0,0.0,0.3254250288009643,0.3254250288009643,490.5541630387306,0,0.0,0.0,0.3679477572441101,0.3679477572441101,31.103899478912354,1,-0.04252272844314581,-1.13,False
54,query82,0.0,0.0,0.2704441547393798,0.2704441547393798,490.5541630387306,0,0.0,0.0,0.31235826015472407,0.31235826015472407,31.103899478912354,1,-0.04191410541534424,-1.15,False
55,query63,0.0,0.0,0.3183104395866394,0.3183104395866394,490.5541630387306,0,0.0,0.0,0.3589060306549072,0.3589060306549072,31.103899478912354,1,-0.04059559106826782,-1.13,False
56,query93,0.0,0.0,0.18062096834182734,0.18062096834182734,490.5541630387306,0,0.0,0.0,0.22010231018066403,0.22010231018066403,31.103899478912354,1,-0.0394813418388367,-1.22,False
57,query102,0.0,0.0,0.3446323275566101,0.3446323275566101,490.5541630387306,0,0.0,0.0,0.38215816020965576,0.38215816020965576,31.103899478912354,1,-0.037525832653045654,-1.11,False
58,query41,0.0,0.0,0.26938545703887934,0.26938545703887934,490.5541630387306,0,0.0,0.0,0.3059172034263611,0.3059172034263611,31.103899478912354,1,-0.036531746387481745,-1.14,False
59,query43,0.0,0.0,0.3770418167114258,0.3770418167114258,490.5541630387306,0,0.0,0.0,0.41346806287765503,0.41346806287765503,31.103899478912354,1,-0.03642624616622925,-1.1,False
60,query35,0.0,0.0,0.2957231402397156,0.2957231402397156,490.5541630387306,0,0.0,0.0,0.33206480741500854,0.33206480741500854,31.103899478912354,1,-0.03634166717529297,-1.12,False
61,query21,0.0,0.0,0.4007840156555176,0.4007840156555176,490.5541630387306,0,0.0,0.0,0.4360235929489136,0.4360235929489136,31.103899478912354,1,-0.035239577293395996,-1.09,False
62,query37,0.0,0.0,0.3700428605079651,0.3700428605079651,490.5541630387306,0,0.0,0.0,0.40497696399688715,0.40497696399688715,31.103899478912354,1,-0.034934103488922064,-1.09,False
63,query83,0.0,0.0,0.2623990178108215,0.2623990178108215,490.5541630387306,0,0.0,0.0,0.2951176166534423,0.2951176166534423,31.103899478912354,1,-0.03271859884262085,-1.12,False
64,query45,0.0,0.0,0.26313114166259766,0.26313114166259766,490.5541630387306,0,0.0,0.0,0.2934280633926391,0.2934280633926391,31.103899478912354,1,-0.03029692173004145,-1.12,False
65,query26,0.0,0.0,0.3699458837509155,0.3699458837509155,490.5541630387306,0,0.0,0.0,0.3985391855239868,0.3985391855239868,31.103899478912354,1,-0.02859330177307129,-1.08,False
66,query104,0.0,0.0,0.3497544527053833,0.3497544527053833,490.5541630387306,0,0.0,0.0,0.3760413527488708,0.3760413527488708,31.103899478912354,1,-0.026286900043487493,-1.08,False
67,query24,0.0,0.0,0.21622443199157715,0.21622443199157715,490.5541630387306,0,0.0,0.0,0.24147176742553708,0.24147176742553708,31.103899478912354,1,-0.025247335433959933,-1.12,False
68,query113,0.0,0.0,0.37052863836288447,0.37052863836288447,490.5541630387306,0,0.0,0.0,0.39483606815338135,0.39483606815338135,31.103899478912354,1,-0.02430742979049688,-1.07,False
69,query109,0.0,0.0,0.37414902448654175,0.37414902448654175,490.5541630387306,0,0.0,0.0,0.398232638835907,0.398232638835907,31.103899478912354,1,-0.024083614349365234,-1.06,False
70,query76,0.0,0.0,0.4058953523635864,0.4058953523635864,490.5541630387306,0,0.0,0.0,0.428400456905365,0.428400456905365,31.103899478912354,1,-0.022505104541778564,-1.06,False
71,query14,0.0,0.0,0.29298937320709223,0.29298937320709223,490.5541630387306,0,0.0,0.0,0.31531840562820435,0.31531840562820435,31.103899478912354,1,-0.022329032421112116,-1.08,False
72,query30,0.0,0.0,1.6315776109695435,1.6315776109695435,490.5541630387306,0,0.0,0.0,1.6508760452270508,1.6508760452270508,31.103899478912354,1,-0.019298434257507324,-1.01,False
73,query81,0.0,0.0,0.22386324405670166,0.22386324405670166,490.5541630387306,0,0.0,0.0,0.23704463243484492,0.23704463243484492,31.103899478912354,1,-0.013181388378143255,-1.06,False
74,query17,0.0,0.0,0.2467994689941406,0.2467994689941406,490.5541630387306,0,0.0,0.0,0.2582430839538574,0.2582430839538574,31.103899478912354,1,-0.011443614959716825,-1.05,False
75,query145,0.0,0.0,0.3979833722114563,0.3979833722114563,490.5541630387306,0,0.0,0.0,0.4088994860649109,0.4088994860649109,31.103899478912354,1,-0.01091611385345459,-1.03,False
76,query101,0.0,0.0,0.3716312646865845,0.3716312646865845,490.5541630387306,0,0.0,0.0,0.38075464963912964,0.38075464963912964,31.103899478912354,1,-0.009123384952545166,-1.02,False
77,query27,0.0,0.0,0.37087684869766235,0.37087684869766235,490.5541630387306,0,0.0,0.0,0.37949937582015986,0.37949937582015986,31.103899478912354,1,-0.008622527122497503,-1.02,False
78,query64,0.0,0.0,0.42162841558456415,0.42162841558456415,490.5541630387306,0,0.0,0.0,0.42939162254333496,0.42939162254333496,31.103899478912354,1,-0.0077632069587708075,-1.02,False
79,query137,0.0,0.0,0.28811085224151606,0.28811085224151606,490.5541630387306,0,0.0,0.0,0.29571032524108887,0.29571032524108887,31.103899478912354,1,-0.007599472999572809,-1.03,False
80,query19,0.0,0.0,0.2686466574668884,0.2686466574668884,490.5541630387306,0,0.0,0.0,0.2754693031311035,0.2754693031311035,31.103899478912354,1,-0.006822645664215088,-1.03,False
81,query112,0.0,0.0,0.2966631054878235,0.2966631054878235,490.5541630387306,0,0.0,0.0,0.30330163240432734,0.30330163240432734,31.103899478912354,1,-0.006638526916503851,-1.02,False
82,query134,0.0,0.0,0.34047412872314453,0.34047412872314453,490.5541630387306,0,0.0,0.0,0.3453591465950012,0.3453591465950012,31.103899478912354,1,-0.0048850178718566895,-1.01,False
83,query87,0.0,0.0,0.2154572010040283,0.2154572010040283,490.5541630387306,0,0.0,0.0,0.21905028820037836,0.21905028820037836,31.103899478912354,1,-0.00359308719635007,-1.02,False
84,query125,0.0,0.0,0.26564836502075195,0.26564836502075195,490.5541630387306,0,0.0,0.0,0.26849901676177973,0.26849901676177973,31.103899478912354,1,-0.0028506517410277765,-1.01,False
85,query89,0.0,0.0,0.20012778043746945,0.20012778043746945,490.5541630387306,0,0.0,0.0,0.20015883445739743,0.20015883445739743,31.103899478912354,1,-3.1054019927978516e-05,-1.0,False
86,query146,0.0,0.0,0.4526689052581787,0.4526689052581787,490.5541630387306,0,0.0,0.0,0.45145779848098755,0.45145779848098755,31.103899478912354,1,0.0012111067771911621,1.0,True
87,query96,0.0,0.0,0.4228866696357727,0.4228866696357727,490.5541630387306,0,0.0,0.0,0.4206441044807434,0.4206441044807434,31.103899478912354,1,0.002242565155029297,1.01,True
88,query1,0.0,0.0,2.040547728538513,2.040547728538513,490.5541630387306,0,0.0,0.0,2.0369831919670105,2.0369831919670105,31.103899478912354,1,0.0035645365715026855,1.0,True
89,query39,0.0,0.0,0.4007937312126159,0.4007937312126159,490.5541630387306,0,0.0,0.0,0.3961255550384521,0.3961255550384521,31.103899478912354,1,0.004668176174163818,1.01,True
90,query78,0.0,0.0,0.31301069259643555,0.31301069259643555,490.5541630387306,0,0.0,0.0,0.3053172826766967,0.3053172826766967,31.103899478912354,1,0.007693409919738825,1.03,True
91,query86,0.0,0.0,0.3251358270645141,0.3251358270645141,490.5541630387306,0,0.0,0.0,0.31627303361892695,0.31627303361892695,31.103899478912354,1,0.008862793445587158,1.03,True
92,query128,0.0,0.0,0.3877074122428894,0.3877074122428894,490.5541630387306,0,0.0,0.0,0.37755250930786133,0.37755250930786133,31.103899478912354,1,0.010154902935028076,1.03,True
93,query88,0.0,0.0,0.29874062538146967,0.29874062538146967,490.5541630387306,0,0.0,0.0,0.28826308250427246,0.28826308250427246,31.103899478912354,1,0.01047754287719721,1.04,True
94,query40,0.0,0.0,0.2695865035057068,0.2695865035057068,490.5541630387306,0,0.0,0.0,0.25908321142196655,0.25908321142196655,31.103899478912354,1,0.010503292083740234,1.04,True
95,query111,0.0,0.0,0.40838873386383057,0.40838873386383057,490.5541630387306,0,0.0,0.0,0.3976938724517822,0.3976938724517822,31.103899478912354,1,0.01069486141204834,1.03,True
96,query60,0.0,0.0,0.5430163145065308,0.5430163145065308,490.5541630387306,0,0.0,0.0,0.5301875472068787,0.5301875472068787,31.103899478912354,1,0.0128287672996521,1.02,True
97,query13,0.0,0.0,0.3046467900276184,0.3046467900276184,490.5541630387306,0,0.0,0.0,0.29179084300994873,0.29179084300994873,31.103899478912354,1,0.012855947017669678,1.04,True
98,query131,0.0,0.0,0.39045435190200806,0.39045435190200806,490.5541630387306,0,0.0,0.0,0.3772631287574768,0.3772631287574768,31.103899478912354,1,0.01319122314453125,1.03,True
99,query18,0.0,0.0,0.39911723136901855,0.39911723136901855,490.5541630387306,0,0.0,0.0,0.3853148818016052,0.3853148818016052,31.103899478912354,1,0.01380234956741333,1.04,True
100,query67,0.0,0.0,0.33672720193862915,0.33672720193862915,490.5541630387306,0,0.0,0.0,0.32241594791412354,0.32241594791412354,31.103899478912354,1,0.014311254024505615,1.04,True
101,query16,0.0,0.0,0.4262400269508361,0.4262400269508361,490.5541630387306,0,0.0,0.0,0.41046679019927973,0.41046679019927973,31.103899478912354,1,0.015773236751556396,1.04,True
102,query66,0.0,0.0,0.4303940534591675,0.4303940534591675,490.5541630387306,0,0.0,0.0,0.4120242595672607,0.4120242595672607,31.103899478912354,1,0.018369793891906794,1.04,True
103,query99,0.0,0.0,0.28045171499252314,0.28045171499252314,490.5541630387306,0,0.0,0.0,0.2601062059402466,0.2601062059402466,31.103899478912354,1,0.020345509052276556,1.08,True
104,query132,0.0,0.0,0.34745436906814575,0.34745436906814575,490.5541630387306,0,0.0,0.0,0.3149504065513611,0.3149504065513611,31.103899478912354,1,0.03250396251678467,1.1,True
105,query116,0.0,0.0,0.3621312975883484,0.3621312975883484,490.5541630387306,0,0.0,0.0,0.32934391498565674,0.32934391498565674,31.103899478912354,1,0.03278738260269165,1.1,True
106,query130,0.0,0.0,0.38520222902297974,0.38520222902297974,490.5541630387306,0,0.0,0.0,0.3500697612762451,0.3500697612762451,31.103899478912354,1,0.03513246774673462,1.1,True
107,query106,0.0,0.0,0.35244631767272944,0.35244631767272944,490.5541630387306,0,0.0,0.0,0.31672173738479614,0.31672173738479614,31.103899478912354,1,0.035724580287933294,1.11,True
108,query100,0.0,0.0,0.3712936043739319,0.3712936043739319,490.5541630387306,0,0.0,0.0,0.33073776960372925,0.33073776960372925,31.103899478912354,1,0.04055583477020264,1.12,True
109,query6,0.0,0.0,0.4136562943458557,0.4136562943458557,490.5541630387306,0,0.0,0.0,0.3726247549057007,0.3726247549057007,31.103899478912354,1,0.04103153944015503,1.11,True
110,query7,0.0,0.0,1.5905867218971252,1.5905867218971252,490.5541630387306,0,0.0,0.0,1.5480825901031494,1.5480825901031494,31.103899478912354,1,0.04250413179397583,1.03,True
111,query28,0.0,0.0,0.5078980922698975,0.5078980922698975,490.5541630387306,0,0.0,0.0,0.4607291221618652,0.4607291221618652,31.103899478912354,1,0.04716897010803228,1.1,True
112,query118,0.0,0.0,0.4586639404296875,0.4586639404296875,490.5541630387306,0,0.0,0.0,0.40740156173706055,0.40740156173706055,31.103899478912354,1,0.05126237869262695,1.13,True
113,query10,0.0,0.0,0.36451256275177,0.36451256275177,490.5541630387306,0,0.0,0.0,0.3109880685806274,0.3109880685806274,31.103899478912354,1,0.053524494171142634,1.17,True
114,query65,0.0,0.0,0.3965342044830322,0.3965342044830322,490.5541630387306,0,0.0,0.0,0.33055043220520014,0.33055043220520014,31.103899478912354,1,0.06598377227783209,1.2,True
115,query15,0.0,0.0,0.41680538654327387,0.41680538654327387,490.5541630387306,0,0.0,0.0,0.3506010770797729,0.3506010770797729,31.103899478912354,1,0.06620430946350098,1.19,True
116,query9,0.0,0.0,0.49387162923812866,0.49387162923812866,490.5541630387306,0,0.0,0.0,0.42216902971267695,0.42216902971267695,31.103899478912354,1,0.07170259952545172,1.17,True
117,query75,0.0,0.0,0.5598073601722717,0.5598073601722717,490.5541630387306,0,0.0,0.0,0.4873372912406921,0.4873372912406921,31.103899478912354,1,0.07247006893157965,1.15,True
118,query144,0.0,0.0,0.6204642057418823,0.6204642057418823,490.5541630387306,0,0.0,0.0,0.5375528931617737,0.5375528931617737,31.103899478912354,1,0.08291131258010864,1.15,True
119,query117,0.0,0.0,0.4369806051254272,0.4369806051254272,490.5541630387306,0,0.0,0.0,0.3405966162681579,0.3405966162681579,31.103899478912354,1,0.09638398885726929,1.28,True
120,query98,0.0,0.0,0.5101362466812134,0.5101362466812134,490.5541630387306,0,0.0,0.0,0.3736264705657959,0.3736264705657959,31.103899478912354,1,0.13650977611541748,1.37,True
121,query70,0.0,0.0,0.9082151651382446,0.9082151651382446,490.5541630387306,0,0.0,0.0,0.6353628635406494,0.6353628635406494,31.103899478912354,1,0.2728523015975952,1.43,True
122,query51,0.0,0.0,0.8110232949256897,0.8110232949256897,490.5541630387306,0,0.0,0.0,0.49093401432037354,0.49093401432037354,31.103899478912354,1,0.32008928060531616,1.65,True
123,query140,0.0,0.0,1.0634976625442505,1.0634976625442505,490.5541630387306,0,0.0,0.0,0.6629037261009216,0.6629037261009216,31.103899478912354,1,0.40059393644332886,1.6,True
124,query69,0.0,0.0,1.048983633518219,1.048983633518219,490.5541630387306,0,0.0,0.0,0.6118418574333191,0.6118418574333191,31.103899478912354,1,0.4371417760848999,1.71,True
125,query38,0.0,0.0,0.9340506792068481,0.9340506792068481,490.5541630387306,0,0.0,0.0,0.47339922189712524,0.47339922189712524,31.103899478912354,1,0.4606514573097229,1.97,True
126,query123,0.0,0.0,0.8164797425270081,0.8164797425270081,490.5541630387306,0,0.0,0.0,0.19618904590606687,0.19618904590606687,31.103899478912354,1,0.6202906966209412,4.16,True
127,query8,0.0,0.0,1.1915090680122375,1.1915090680122375,490.5541630387306,0,0.0,0.0,0.5654850006103516,0.5654850006103516,31.103899478912354,1,0.626024067401886,2.11,True
128,query105,0.0,0.0,0.9841650128364563,0.9841650128364563,490.5541630387306,0,0.0,0.0,0.31854426860809326,0.31854426860809326,31.103899478912354,1,0.665620744228363,3.09,True
129,query47,0.0,0.0,1.4119660258293152,1.4119660258293152,490.5541630387306,0,0.0,0.0,0.47595423460006714,0.47595423460006714,31.103899478912354,1,0.936011791229248,2.97,True
130,query12,0.0,0.0,1.7384350895881653,1.7384350895881653,490.5541630387306,0,0.0,0.0,0.3946554660797119,0.3946554660797119,31.103899478912354,1,1.3437796235084534,4.4,True
131,query141,0.0,0.0,2.0211768746376038,2.0211768746376038,490.5541630387306,0,0.0,0.0,0.6676411032676697,0.6676411032676697,31.103899478912354,1,1.353535771369934,3.03,True
132,query136,0.0,0.0,1.7768843173980713,1.7768843173980713,490.5541630387306,0,0.0,0.0,0.33434998989105225,0.33434998989105225,31.103899478912354,1,1.442534327507019,5.31,True
133,query107,0.0,0.0,2.332009434700012,2.332009434700012,490.5541630387306,0,0.0,0.0,0.27648407220840454,0.27648407220840454,31.103899478912354,1,2.0555253624916077,8.43,True
134,query34,0.0,0.0,2.5354666113853455,2.5354666113853455,490.5541630387306,0,0.0,0.0,0.3637135624885559,0.3637135624885559,31.103899478912354,1,2.1717530488967896,6.97,True
135,query108,0.0,0.0,2.762671411037445,2.762671411037445,490.5541630387306,0,0.0,0.0,0.2850625514984131,0.2850625514984131,31.103899478912354,1,2.477608859539032,9.69,True
136,query68,0.0,0.0,6.685184180736542,6.685184180736542,490.5541630387306,0,0.0,0.0,0.812519907951355,0.812519907951355,31.103899478912354,1,5.872664272785187,8.23,True
137,query50,0.0,0.0,6.134193301200867,6.134193301200867,490.5541630387306,0,0.0,0.0,0.2494910359382629,0.2494910359382629,31.103899478912354,1,5.884702265262604,24.59,True
138,query33,0.0,0.0,39.228559255599976,39.228559255599976,490.5541630387306,0,0.0,0.0,31.103899478912354,31.103899478912354,31.103899478912354,1,8.124659776687622,1.26,True
139,query126,0.0,0.0,13.075879156589508,13.075879156589508,490.5541630387306,0,0.0,0.0,0.4613616466522217,0.4613616466522217,31.103899478912354,1,12.614517509937286,28.34,True
140,query122,0.0,0.0,42.81729406118393,42.81729406118393,490.5541630387306,0,0.0,0.0,0.3660178780555725,0.3660178780555725,31.103899478912354,1,42.45127618312836,116.98,True
141,query120,0.0,0.0,56.64239066839218,56.64239066839218,490.5541630387306,0,0.0,0.0,0.3986550569534302,0.3986550569534302,31.103899478912354,1,56.24373561143875,142.08,True
142,query58,0.0,0.0,99.51973569393158,99.51973569393158,490.5541630387306,0,0.0,0.0,0.49335628747940063,0.49335628747940063,31.103899478912354,1,99.02637940645218,201.72,True
143,query48,0.0,0.0,239.43538308143616,239.43538308143616,490.5541630387306,0,0.0,0.0,0.3249064087867736,0.3249064087867736,31.103899478912354,1,239.11047667264938,736.94,True
144,query49,0.0,0.0,325.9950968027115,325.9950968027115,490.5541630387306,0,0.0,0.0,0.40555286407470703,0.40555286407470703,31.103899478912354,1,325.5895439386368,803.83,True
145,query32,0.0,0.0,490.5541630387306,490.5541630387306,490.5541630387306,0,0.0,0.0,0.5751442909240723,0.5751442909240723,31.103899478912354,1,489.97901874780655,852.92,True
