index,query_id,start_time_x,planning_time_x,execution_time_x,execution_start_time_x,workload_time_x,ID_x,start_time_y,planning_time_y,execution_time_y,execution_start_time_y,workload_time_y,ID_y,diff,diffratio,PN
0,6f,0.0,0.0,4.576170325279236,4.576170325279236,54.21079057455063,0,0.0,0.0,7.392889857292175,7.392889857292175,7.392889857292175,1,-2.8167195320129395,-1.62,False
1,1d,0.0,0.0,1.2858232855796814,1.2858232855796814,54.21079057455063,0,0.0,0.0,2.2364842891693115,2.2364842891693115,7.392889857292175,1,-0.9506610035896301,-1.74,False
2,24b,0.0,0.0,2.729223668575287,2.729223668575287,54.21079057455063,0,0.0,0.0,3.5013036727905273,3.5013036727905273,7.392889857292175,1,-0.7720800042152405,-1.28,False
3,20c,0.0,0.0,3.2926825881004333,3.2926825881004333,54.21079057455063,0,0.0,0.0,4.032401859760284,4.032401859760284,7.392889857292175,1,-0.7397192716598511,-1.22,False
4,8b,0.0,0.0,1.151301383972168,1.151301383972168,54.21079057455063,0,0.0,0.0,1.8380634188652039,1.8380634188652039,7.392889857292175,1,-0.6867620348930359,-1.6,False
5,21c,0.0,0.0,1.9253557920455933,1.9253557920455933,54.21079057455063,0,0.0,0.0,2.561775028705597,2.561775028705597,7.392889857292175,1,-0.6364192366600037,-1.33,False
6,10b,0.0,0.0,1.8446574807167053,1.8446574807167053,54.21079057455063,0,0.0,0.0,2.450286865234375,2.450286865234375,7.392889857292175,1,-0.6056293845176697,-1.33,False
7,2c,0.0,0.0,0.8851513862609863,0.8851513862609863,54.21079057455063,0,0.0,0.0,1.4101906418800354,1.4101906418800354,7.392889857292175,1,-0.5250392556190491,-1.59,False
8,11b,0.0,0.0,1.1146143078804016,1.1146143078804016,54.21079057455063,0,0.0,0.0,1.618468165397644,1.618468165397644,7.392889857292175,1,-0.5038538575172424,-1.45,False
9,15b,0.0,0.0,1.4559552669525146,1.4559552669525146,54.21079057455063,0,0.0,0.0,1.908231854438782,1.908231854438782,7.392889857292175,1,-0.4522765874862673,-1.31,False
10,12c,0.0,0.0,1.5667511224746704,1.5667511224746704,54.21079057455063,0,0.0,0.0,1.997675359249115,1.997675359249115,7.392889857292175,1,-0.4309242367744446,-1.28,False
11,19b,0.0,0.0,2.5854649543762207,2.5854649543762207,54.21079057455063,0,0.0,0.0,3.0051990747451782,3.0051990747451782,7.392889857292175,1,-0.4197341203689575,-1.16,False
12,5b,0.0,0.0,0.6765701174736023,0.6765701174736023,54.21079057455063,0,0.0,0.0,1.0848698019981384,1.0848698019981384,7.392889857292175,1,-0.40829968452453613,-1.6,False
13,33c,0.0,0.0,1.9439682960510254,1.9439682960510254,54.21079057455063,0,0.0,0.0,2.316335678100586,2.316335678100586,7.392889857292175,1,-0.37236738204956055,-1.19,False
14,2a,0.0,0.0,1.9973734617233276,1.9973734617233276,54.21079057455063,0,0.0,0.0,2.3319997787475586,2.3319997787475586,7.392889857292175,1,-0.33462631702423096,-1.17,False
15,7a,0.0,0.0,2.446846067905426,2.446846067905426,54.21079057455063,0,0.0,0.0,2.7805323004722595,2.7805323004722595,7.392889857292175,1,-0.3336862325668335,-1.14,False
16,4c,0.0,0.0,0.951593279838562,0.951593279838562,54.21079057455063,0,0.0,0.0,1.242282748222351,1.242282748222351,7.392889857292175,1,-0.29068946838378906,-1.31,False
17,3b,0.0,0.0,1.1271805167198181,1.1271805167198181,54.21079057455063,0,0.0,0.0,1.3826974630355835,1.3826974630355835,7.392889857292175,1,-0.2555169463157654,-1.23,False
18,12a,0.0,0.0,1.7206000685691833,1.7206000685691833,54.21079057455063,0,0.0,0.0,1.9362779855728147,1.9362779855728147,7.392889857292175,1,-0.21567791700363137,-1.13,False
19,6d,0.0,0.0,3.576639711856842,3.576639711856842,54.21079057455063,0,0.0,0.0,3.7865223884582515,3.7865223884582515,7.392889857292175,1,-0.20988267660140947,-1.06,False
20,14c,0.0,0.0,2.2173489928245544,2.2173489928245544,54.21079057455063,0,0.0,0.0,2.3751145005226135,2.3751145005226135,7.392889857292175,1,-0.15776550769805908,-1.07,False
21,21b,0.0,0.0,1.4256079196929932,1.4256079196929932,54.21079057455063,0,0.0,0.0,1.5493454933166504,1.5493454933166504,7.392889857292175,1,-0.12373757362365723,-1.09,False
22,16c,0.0,0.0,6.959365725517273,6.959365725517273,54.21079057455063,0,0.0,0.0,7.080545365810394,7.080545365810394,7.392889857292175,1,-0.12117964029312134,-1.02,False
23,29b,0.0,0.0,2.784923493862152,2.784923493862152,54.21079057455063,0,0.0,0.0,2.9003599286079407,2.9003599286079407,7.392889857292175,1,-0.11543643474578857,-1.04,False
24,5c,0.0,0.0,1.8574116826057434,1.8574116826057434,54.21079057455063,0,0.0,0.0,1.9700348973274229,1.9700348973274229,7.392889857292175,1,-0.11262321472167947,-1.06,False
25,15c,0.0,0.0,2.1395554542541504,2.1395554542541504,54.21079057455063,0,0.0,0.0,2.2499311566352844,2.2499311566352844,7.392889857292175,1,-0.11037570238113403,-1.05,False
26,2b,0.0,0.0,1.0107346773147583,1.0107346773147583,54.21079057455063,0,0.0,0.0,1.1018426418304443,1.1018426418304443,7.392889857292175,1,-0.09110796451568604,-1.09,False
27,5a,0.0,0.0,0.664402961730957,0.664402961730957,54.21079057455063,0,0.0,0.0,0.7527936100959778,0.7527936100959778,7.392889857292175,1,-0.08839064836502075,-1.13,False
28,13a,0.0,0.0,3.114464282989502,3.114464282989502,54.21079057455063,0,0.0,0.0,3.198785185813904,3.198785185813904,7.392889857292175,1,-0.08432090282440186,-1.03,False
29,3c,0.0,0.0,1.9140746593475342,1.9140746593475342,54.21079057455063,0,0.0,0.0,1.9900862574577332,1.9900862574577332,7.392889857292175,1,-0.07601159811019897,-1.04,False
30,14b,0.0,0.0,1.9640466570854187,1.9640466570854187,54.21079057455063,0,0.0,0.0,2.036736249923706,2.036736249923706,7.392889857292175,1,-0.07268959283828735,-1.04,False
31,22c,0.0,0.0,2.3303707242012024,2.3303707242012024,54.21079057455063,0,0.0,0.0,2.390983521938324,2.390983521938324,7.392889857292175,1,-0.06061279773712158,-1.03,False
32,25b,0.0,0.0,2.6484131813049316,2.6484131813049316,54.21079057455063,0,0.0,0.0,2.7013858556747437,2.7013858556747437,7.392889857292175,1,-0.05297267436981201,-1.02,False
33,32a,0.0,0.0,0.5504770874977112,0.5504770874977112,54.21079057455063,0,0.0,0.0,0.5811372995376587,0.5811372995376587,7.392889857292175,1,-0.03066021203994751,-1.06,False
34,20b,0.0,0.0,2.3119159936904907,2.3119159936904907,54.21079057455063,0,0.0,0.0,2.3285602927207947,2.3285602927207947,7.392889857292175,1,-0.016644299030303955,-1.01,False
35,13c,0.0,0.0,1.7053072452545166,1.7053072452545166,54.21079057455063,0,0.0,0.0,1.6902744770050049,1.6902744770050049,7.392889857292175,1,0.015032768249511719,1.01,True
36,18b,0.0,0.0,2.0024219751358032,2.0024219751358032,54.21079057455063,0,0.0,0.0,1.9864525198936462,1.9864525198936462,7.392889857292175,1,0.015969455242156982,1.01,True
37,32b,0.0,0.0,1.3508183360099792,1.3508183360099792,54.21079057455063,0,0.0,0.0,1.2858976125717163,1.2858976125717163,7.392889857292175,1,0.06492072343826294,1.05,True
38,33b,0.0,0.0,1.8716326951980593,1.8716326951980593,54.21079057455063,0,0.0,0.0,1.7790732979774475,1.7790732979774475,7.392889857292175,1,0.0925593972206118,1.05,True
39,3a,0.0,0.0,1.737396776676178,1.737396776676178,54.21079057455063,0,0.0,0.0,1.6052980422973633,1.6052980422973633,7.392889857292175,1,0.1320987343788147,1.08,True
40,6e,0.0,0.0,3.037967026233673,3.037967026233673,54.21079057455063,0,0.0,0.0,2.8705894947052,2.8705894947052,7.392889857292175,1,0.1673775315284729,1.06,True
41,9d,0.0,0.0,3.808007597923279,3.808007597923279,54.21079057455063,0,0.0,0.0,3.6163877844810486,3.6163877844810486,7.392889857292175,1,0.19161981344223022,1.05,True
42,25c,0.0,0.0,3.0808975100517273,3.0808975100517273,54.21079057455063,0,0.0,0.0,2.861875295639038,2.861875295639038,7.392889857292175,1,0.2190222144126892,1.08,True
43,4b,0.0,0.0,1.3009782433509827,1.3009782433509827,54.21079057455063,0,0.0,0.0,1.072847604751587,1.072847604751587,7.392889857292175,1,0.22813063859939575,1.21,True
44,28c,0.0,0.0,2.387299954891205,2.387299954891205,54.21079057455063,0,0.0,0.0,2.15887987613678,2.15887987613678,7.392889857292175,1,0.22842007875442505,1.11,True
45,13d,0.0,0.0,3.12059485912323,3.12059485912323,54.21079057455063,0,0.0,0.0,2.8699018359184265,2.8699018359184265,7.392889857292175,1,0.25069302320480347,1.09,True
46,20a,0.0,0.0,3.4347065687179565,3.4347065687179565,54.21079057455063,0,0.0,0.0,3.140402674674988,3.140402674674988,7.392889857292175,1,0.29430389404296875,1.09,True
47,23c,0.0,0.0,1.8477492928504944,1.8477492928504944,54.21079057455063,0,0.0,0.0,1.5147977471351624,1.5147977471351624,7.392889857292175,1,0.33295154571533203,1.22,True
48,28b,0.0,0.0,2.4248085618019104,2.4248085618019104,54.21079057455063,0,0.0,0.0,2.0655866861343384,2.0655866861343384,7.392889857292175,1,0.359221875667572,1.17,True
49,23a,0.0,0.0,2.093768298625946,2.093768298625946,54.21079057455063,0,0.0,0.0,1.7053935527801514,1.7053935527801514,7.392889857292175,1,0.3883747458457947,1.23,True
50,1b,0.0,0.0,2.466916561126709,2.466916561126709,54.21079057455063,0,0.0,0.0,2.0319039821624756,2.0319039821624756,7.392889857292175,1,0.4350125789642334,1.21,True
51,22d,0.0,0.0,3.0754420161247253,3.0754420161247253,54.21079057455063,0,0.0,0.0,2.639405906200409,2.639405906200409,7.392889857292175,1,0.4360361099243164,1.17,True
52,4a,0.0,0.0,1.9947870969772339,1.9947870969772339,54.21079057455063,0,0.0,0.0,1.5557007789611816,1.5557007789611816,7.392889857292175,1,0.43908631801605225,1.28,True
53,11c,0.0,0.0,1.7488809823989868,1.7488809823989868,54.21079057455063,0,0.0,0.0,1.3022302389144897,1.3022302389144897,7.392889857292175,1,0.44665074348449707,1.34,True
54,13b,0.0,0.0,3.4257240891456604,3.4257240891456604,54.21079057455063,0,0.0,0.0,2.9637996554374695,2.9637996554374695,7.392889857292175,1,0.4619244337081909,1.16,True
55,10c,0.0,0.0,1.8406943678855896,1.8406943678855896,54.21079057455063,0,0.0,0.0,1.3471121191978455,1.3471121191978455,7.392889857292175,1,0.49358224868774414,1.37,True
56,19c,0.0,0.0,3.8058213591575623,3.8058213591575623,54.21079057455063,0,0.0,0.0,3.2958024740219116,3.2958024740219116,7.392889857292175,1,0.5100188851356506,1.15,True
57,31c,0.0,0.0,3.9080328345298767,3.9080328345298767,54.21079057455063,0,0.0,0.0,3.359697759151459,3.359697759151459,7.392889857292175,1,0.5483350753784175,1.16,True
58,9b,0.0,0.0,2.989979922771454,2.989979922771454,54.21079057455063,0,0.0,0.0,2.4276758432388306,2.4276758432388306,7.392889857292175,1,0.5623040795326233,1.23,True
59,33a,0.0,0.0,2.4876914620399475,2.4876914620399475,54.21079057455063,0,0.0,0.0,1.9246770739555359,1.9246770739555359,7.392889857292175,1,0.5630143880844116,1.29,True
60,19a,0.0,0.0,3.3614466786384583,3.3614466786384583,54.21079057455063,0,0.0,0.0,2.7815346121788025,2.7815346121788025,7.392889857292175,1,0.5799120664596558,1.21,True
61,6c,0.0,0.0,2.973962128162384,2.973962128162384,54.21079057455063,0,0.0,0.0,2.3691819310188293,2.3691819310188293,7.392889857292175,1,0.6047801971435547,1.26,True
62,11a,0.0,0.0,1.7505155801773071,1.7505155801773071,54.21079057455063,0,0.0,0.0,1.1406407952308655,1.1406407952308655,7.392889857292175,1,0.6098747849464417,1.53,True
63,8a,0.0,0.0,2.720804750919342,2.720804750919342,54.21079057455063,0,0.0,0.0,2.101247251033783,2.101247251033783,7.392889857292175,1,0.6195574998855591,1.29,True
64,26b,0.0,0.0,2.899916350841522,2.899916350841522,54.21079057455063,0,0.0,0.0,2.2799052596092224,2.2799052596092224,7.392889857292175,1,0.6200110912322998,1.27,True
65,23b,0.0,0.0,1.729530692100525,1.729530692100525,54.21079057455063,0,0.0,0.0,1.0873743891716003,1.0873743891716003,7.392889857292175,1,0.6421563029289246,1.59,True
66,21a,0.0,0.0,2.3711116313934326,2.3711116313934326,54.21079057455063,0,0.0,0.0,1.6854777336120603,1.6854777336120603,7.392889857292175,1,0.6856338977813723,1.41,True
67,18c,0.0,0.0,2.7375300526618958,2.7375300526618958,54.21079057455063,0,0.0,0.0,2.0478604435920715,2.0478604435920715,7.392889857292175,1,0.6896696090698242,1.34,True
68,15a,0.0,0.0,2.1179370880126953,2.1179370880126953,54.21079057455063,0,0.0,0.0,1.4260502457618713,1.4260502457618713,7.392889857292175,1,0.691886842250824,1.49,True
69,1c,0.0,0.0,1.8646520972251894,1.8646520972251894,54.21079057455063,0,0.0,0.0,1.1583176255226135,1.1583176255226135,7.392889857292175,1,0.7063344717025759,1.61,True
70,27c,0.0,0.0,2.691130816936493,2.691130816936493,54.21079057455063,0,0.0,0.0,1.9610861539840698,1.9610861539840698,7.392889857292175,1,0.7300446629524231,1.37,True
71,27b,0.0,0.0,2.0097647309303284,2.0097647309303284,54.21079057455063,0,0.0,0.0,1.2781587839126587,1.2781587839126587,7.392889857292175,1,0.7316059470176697,1.57,True
72,15d,0.0,0.0,2.8517770767211914,2.8517770767211914,54.21079057455063,0,0.0,0.0,2.0607709288597107,2.0607709288597107,7.392889857292175,1,0.7910061478614807,1.38,True
73,12b,0.0,0.0,3.2093385457992554,3.2093385457992554,54.21079057455063,0,0.0,0.0,2.392516076564789,2.392516076564789,7.392889857292175,1,0.8168224692344666,1.34,True
74,30c,0.0,0.0,3.799681067466736,3.799681067466736,54.21079057455063,0,0.0,0.0,2.94549024105072,2.94549024105072,7.392889857292175,1,0.8541908264160156,1.29,True
75,30b,0.0,0.0,2.6156386733055115,2.6156386733055115,54.21079057455063,0,0.0,0.0,1.7445642948150635,1.7445642948150635,7.392889857292175,1,0.871074378490448,1.5,True
76,31b,0.0,0.0,3.5178409218788147,3.5178409218788147,54.21079057455063,0,0.0,0.0,2.6367791891098022,2.6367791891098022,7.392889857292175,1,0.8810617327690125,1.33,True
77,26a,0.0,0.0,4.559645116329193,4.559645116329193,54.21079057455063,0,0.0,0.0,3.6654677391052246,3.6654677391052246,7.392889857292175,1,0.8941773772239685,1.24,True
78,22b,0.0,0.0,2.3542179465293884,2.3542179465293884,54.21079057455063,0,0.0,0.0,1.4541162848472595,1.4541162848472595,7.392889857292175,1,0.9001016616821289,1.62,True
79,10a,0.0,0.0,2.7741684913635254,2.7741684913635254,54.21079057455063,0,0.0,0.0,1.8613064289093015,1.8613064289093015,7.392889857292175,1,0.9128620624542239,1.49,True
80,2d,0.0,0.0,2.2212138772010803,2.2212138772010803,54.21079057455063,0,0.0,0.0,1.300727128982544,1.300727128982544,7.392889857292175,1,0.9204867482185364,1.71,True
81,25a,0.0,0.0,4.275633454322815,4.275633454322815,54.21079057455063,0,0.0,0.0,3.1906797289848328,3.1906797289848328,7.392889857292175,1,1.0849537253379822,1.34,True
82,27a,0.0,0.0,2.5650686621665955,2.5650686621665955,54.21079057455063,0,0.0,0.0,1.4377249479293823,1.4377249479293823,7.392889857292175,1,1.1273437142372131,1.78,True
83,29a,0.0,0.0,3.963900804519653,3.963900804519653,54.21079057455063,0,0.0,0.0,2.8066845536231995,2.8066845536231995,7.392889857292175,1,1.1572162508964534,1.41,True
84,6b,0.0,0.0,4.104761481285095,4.104761481285095,54.21079057455063,0,0.0,0.0,2.91008198261261,2.91008198261261,7.392889857292175,1,1.1946794986724854,1.41,True
85,28a,0.0,0.0,3.7187787890434265,3.7187787890434265,54.21079057455063,0,0.0,0.0,2.487863302230835,2.487863302230835,7.392889857292175,1,1.2309154868125916,1.49,True
86,9a,0.0,0.0,3.554992020130158,3.554992020130158,54.21079057455063,0,0.0,0.0,2.3207098841667175,2.3207098841667175,7.392889857292175,1,1.2342821359634404,1.53,True
87,22a,0.0,0.0,3.4459553360939026,3.4459553360939026,54.21079057455063,0,0.0,0.0,2.196470618247986,2.196470618247986,7.392889857292175,1,1.2494847178459167,1.57,True
88,1a,0.0,0.0,5.30168217420578,5.30168217420578,54.21079057455063,0,0.0,0.0,4.050292074680328,4.050292074680328,7.392889857292175,1,1.2513900995254517,1.31,True
89,30a,0.0,0.0,4.54651004076004,4.54651004076004,54.21079057455063,0,0.0,0.0,3.279111385345459,3.279111385345459,7.392889857292175,1,1.2673986554145813,1.39,True
90,26c,0.0,0.0,3.44886565208435,3.44886565208435,54.21079057455063,0,0.0,0.0,2.130913734436035,2.130913734436035,7.392889857292175,1,1.317951917648315,1.62,True
91,11d,0.0,0.0,2.780775487422943,2.780775487422943,54.21079057455063,0,0.0,0.0,1.4612029790878296,1.4612029790878296,7.392889857292175,1,1.3195725083351135,1.9,True
92,14a,0.0,0.0,3.3328335285186768,3.3328335285186768,54.21079057455063,0,0.0,0.0,1.9354039430618286,1.9354039430618286,7.392889857292175,1,1.3974295854568481,1.72,True
93,29c,0.0,0.0,4.911493480205536,4.911493480205536,54.21079057455063,0,0.0,0.0,3.478094518184662,3.478094518184662,7.392889857292175,1,1.433398962020874,1.41,True
94,19d,0.0,0.0,5.300513565540314,5.300513565540314,54.21079057455063,0,0.0,0.0,3.7208604216575623,3.7208604216575623,7.392889857292175,1,1.5796531438827515,1.42,True
95,18a,0.0,0.0,4.531300246715546,4.531300246715546,54.21079057455063,0,0.0,0.0,2.939732849597931,2.939732849597931,7.392889857292175,1,1.5915673971176147,1.54,True
96,6a,0.0,0.0,4.20841246843338,4.20841246843338,54.21079057455063,0,0.0,0.0,2.5366968512535095,2.5366968512535095,7.392889857292175,1,1.6717156171798706,1.66,True
97,24a,0.0,0.0,4.73015820980072,4.73015820980072,54.21079057455063,0,0.0,0.0,3.056859076023102,3.056859076023102,7.392889857292175,1,1.6732991337776184,1.55,True
98,16d,0.0,0.0,6.640066683292389,6.640066683292389,54.21079057455063,0,0.0,0.0,4.628961443901062,4.628961443901062,7.392889857292175,1,2.011105239391327,1.43,True
99,17e,0.0,0.0,6.193033158779144,6.193033158779144,54.21079057455063,0,0.0,0.0,3.740759253501892,3.740759253501892,7.392889857292175,1,2.452273905277252,1.66,True
100,8d,0.0,0.0,5.174331307411194,5.174331307411194,54.21079057455063,0,0.0,0.0,2.474687397480011,2.474687397480011,7.392889857292175,1,2.699643909931183,2.09,True
101,31a,0.0,0.0,5.183914422988892,5.183914422988892,54.21079057455063,0,0.0,0.0,2.4508978724479675,2.4508978724479675,7.392889857292175,1,2.733016550540924,2.12,True
102,7b,0.0,0.0,5.069634795188904,5.069634795188904,54.21079057455063,0,0.0,0.0,2.149884581565857,2.149884581565857,7.392889857292175,1,2.919750213623047,2.36,True
103,17a,0.0,0.0,6.507179856300354,6.507179856300354,54.21079057455063,0,0.0,0.0,2.74097341299057,2.74097341299057,7.392889857292175,1,3.766206443309784,2.37,True
104,16b,0.0,0.0,8.101239681243896,8.101239681243896,54.21079057455063,0,0.0,0.0,3.9140164256095886,3.9140164256095886,7.392889857292175,1,4.187223255634308,2.07,True
105,9c,0.0,0.0,3.64611405134201,3.64611405134201,54.21079057455063,0,0.0,0.0,-1.0,-1.0,7.392889857292175,1,4.6461140513420105,-3.65,True
106,8c,0.0,0.0,7.3295528292655945,7.3295528292655945,54.21079057455063,0,0.0,0.0,2.5375622510910034,2.5375622510910034,7.392889857292175,1,4.791990578174591,2.89,True
107,16a,0.0,0.0,8.792542457580566,8.792542457580566,54.21079057455063,0,0.0,0.0,3.310411810874939,3.310411810874939,7.392889857292175,1,5.482130646705627,2.66,True
108,17d,0.0,0.0,10.205536842346191,10.205536842346191,54.21079057455063,0,0.0,0.0,2.753349184989929,2.753349184989929,7.392889857292175,1,7.452187657356262,3.71,True
109,17f,0.0,0.0,10.823356807231903,10.823356807231903,54.21079057455063,0,0.0,0.0,2.8306922912597656,2.8306922912597656,7.392889857292175,1,7.9926645159721375,3.82,True
110,17c,0.0,0.0,9.994597852230072,9.994597852230072,54.21079057455063,0,0.0,0.0,1.8957785367965698,1.8957785367965698,7.392889857292175,1,8.098819315433502,5.27,True
111,17b,0.0,0.0,10.906514108181,10.906514108181,54.21079057455063,0,0.0,0.0,2.4979559183120728,2.4979559183120728,7.392889857292175,1,8.408558189868927,4.37,True
112,7c,0.0,0.0,54.21079057455063,54.21079057455063,54.21079057455063,0,0.0,0.0,2.3381609320640564,2.3381609320640564,7.392889857292175,1,51.87262964248657,23.19,True
