index,query_id,start_time,planning_time,execution_time,execution_start_time,workload_time,ID
0,query1,0.0,0.0,2.029119372367859,2.029119372367859,29.618009388446808,1
1,query51,0.0,0.0,0.4186353087425232,0.4186353087425232,29.618009388446808,1
2,query52,0.0,0.0,1.6750918626785278,1.6750918626785278,29.618009388446808,1
3,query53,0.0,0.0,0.3991154432296753,0.3991154432296753,29.618009388446808,1
4,query54,0.0,0.0,0.3708710670471191,0.3708710670471191,29.618009388446808,1
5,query55,0.0,0.0,0.29284393787384033,0.29284393787384033,29.618009388446808,1
6,query56,0.0,0.0,0.46035236120224,0.46035236120224,29.618009388446808,1
7,query50,0.0,0.0,0.24436491727828977,0.24436491727828977,29.618009388446808,1
8,query57,0.0,0.0,0.2659825086593628,0.2659825086593628,29.618009388446808,1
9,query59,0.0,0.0,0.9249836206436156,0.9249836206436156,29.618009388446808,1
10,query6,0.0,0.0,0.38783723115921015,0.38783723115921015,29.618009388446808,1
11,query60,0.0,0.0,0.4904576539993286,0.4904576539993286,29.618009388446808,1
12,query61,0.0,0.0,2.361837923526764,2.361837923526764,29.618009388446808,1
13,query62,0.0,0.0,0.435535192489624,0.435535192489624,29.618009388446808,1
14,query63,0.0,0.0,0.33311730623245234,0.33311730623245234,29.618009388446808,1
15,query58,0.0,0.0,0.4011053442955017,0.4011053442955017,29.618009388446808,1
16,query64,0.0,0.0,0.45061159133911133,0.45061159133911133,29.618009388446808,1
17,query5,0.0,0.0,0.6753780245780945,0.6753780245780945,29.618009388446808,1
18,query48,0.0,0.0,0.27068209648132324,0.27068209648132324,29.618009388446808,1
19,query35,0.0,0.0,0.2906087636947632,0.2906087636947632,29.618009388446808,1
20,query36,0.0,0.0,0.23312151432037348,0.23312151432037348,29.618009388446808,1
21,query37,0.0,0.0,0.3480719327926636,0.3480719327926636,29.618009388446808,1
22,query38,0.0,0.0,0.4242246747016907,0.4242246747016907,29.618009388446808,1
23,query39,0.0,0.0,0.3746500611305237,0.3746500611305237,29.618009388446808,1
24,query4,0.0,0.0,0.5145341157913208,0.5145341157913208,29.618009388446808,1
25,query49,0.0,0.0,0.38216269016265864,0.38216269016265864,29.618009388446808,1
26,query40,0.0,0.0,0.27035737037658686,0.27035737037658686,29.618009388446808,1
27,query42,0.0,0.0,0.35582721233367914,0.35582721233367914,29.618009388446808,1
28,query43,0.0,0.0,0.35329777002334595,0.35329777002334595,29.618009388446808,1
29,query44,0.0,0.0,0.36624640226364136,0.36624640226364136,29.618009388446808,1
30,query45,0.0,0.0,0.26331400871276855,0.26331400871276855,29.618009388446808,1
31,query46,0.0,0.0,0.837077260017395,0.837077260017395,29.618009388446808,1
32,query47,0.0,0.0,0.4456408619880676,0.4456408619880676,29.618009388446808,1
33,query41,0.0,0.0,0.26924580335617065,0.26924580335617065,29.618009388446808,1
34,query65,0.0,0.0,0.38167738914489746,0.38167738914489746,29.618009388446808,1
35,query66,0.0,0.0,0.4508144855499267,0.4508144855499267,29.618009388446808,1
36,query67,0.0,0.0,0.3083999752998352,0.3083999752998352,29.618009388446808,1
37,query85,0.0,0.0,0.3231527805328369,0.3231527805328369,29.618009388446808,1
38,query86,0.0,0.0,0.32854628562927246,0.32854628562927246,29.618009388446808,1
39,query87,0.0,0.0,0.2095271348953247,0.2095271348953247,29.618009388446808,1
40,query88,0.0,0.0,0.2723236680030823,0.2723236680030823,29.618009388446808,1
41,query89,0.0,0.0,0.20979553461074824,0.20979553461074824,29.618009388446808,1
42,query9,0.0,0.0,0.43320316076278687,0.43320316076278687,29.618009388446808,1
43,query84,0.0,0.0,0.35869497060775757,0.35869497060775757,29.618009388446808,1
44,query90,0.0,0.0,0.3074774146080017,0.3074774146080017,29.618009388446808,1
45,query92,0.0,0.0,0.3606256246566772,0.3606256246566772,29.618009388446808,1
46,query93,0.0,0.0,0.2376883029937744,0.2376883029937744,29.618009388446808,1
47,query94,0.0,0.0,0.35853832960128784,0.35853832960128784,29.618009388446808,1
48,query95,0.0,0.0,0.4462704658508301,0.4462704658508301,29.618009388446808,1
49,query96,0.0,0.0,0.38513779640197754,0.38513779640197754,29.618009388446808,1
50,query97,0.0,0.0,0.6378830075263977,0.6378830075263977,29.618009388446808,1
51,query91,0.0,0.0,0.33778542280197144,0.33778542280197144,29.618009388446808,1
52,query83,0.0,0.0,0.31905919313430786,0.31905919313430786,29.618009388446808,1
53,query82,0.0,0.0,0.3341907858848572,0.3341907858848572,29.618009388446808,1
54,query81,0.0,0.0,0.2486372590065002,0.2486372590065002,29.618009388446808,1
55,query68,0.0,0.0,0.8251473307609558,0.8251473307609558,29.618009388446808,1
56,query69,0.0,0.0,0.6681749820709229,0.6681749820709229,29.618009388446808,1
57,query7,0.0,0.0,2.205882966518402,2.205882966518402,29.618009388446808,1
58,query70,0.0,0.0,0.6501102447509766,0.6501102447509766,29.618009388446808,1
59,query71,0.0,0.0,0.9152490496635437,0.9152490496635437,29.618009388446808,1
60,query72,0.0,0.0,0.6072888970375061,0.6072888970375061,29.618009388446808,1
61,query73,0.0,0.0,7.177544355392456,7.177544355392456,29.618009388446808,1
62,query74,0.0,0.0,0.7058292627334595,0.7058292627334595,29.618009388446808,1
63,query75,0.0,0.0,0.4884382486343384,0.4884382486343384,29.618009388446808,1
64,query76,0.0,0.0,0.43332749605178833,0.43332749605178833,29.618009388446808,1
65,query77,0.0,0.0,0.6244061589241028,0.6244061589241028,29.618009388446808,1
66,query78,0.0,0.0,0.3491072654724121,0.3491072654724121,29.618009388446808,1
67,query79,0.0,0.0,0.8387334942817688,0.8387334942817688,29.618009388446808,1
68,query8,0.0,0.0,0.44085150957107544,0.44085150957107544,29.618009388446808,1
69,query80,0.0,0.0,0.3915119767189026,0.3915119767189026,29.618009388446808,1
70,query34,0.0,0.0,0.3194117546081543,0.3194117546081543,29.618009388446808,1
71,query33,0.0,0.0,27.60117256641388,27.60117256641388,29.618009388446808,1
72,query32,0.0,0.0,0.479478657245636,0.479478657245636,29.618009388446808,1
73,query31,0.0,0.0,0.5868688225746155,0.5868688225746155,29.618009388446808,1
74,query117,0.0,0.0,0.39298409223556513,0.39298409223556513,29.618009388446808,1
75,query118,0.0,0.0,0.448352575302124,0.448352575302124,29.618009388446808,1
76,query119,0.0,0.0,0.37629395723342896,0.37629395723342896,29.618009388446808,1
77,query12,0.0,0.0,0.3522418141365051,0.3522418141365051,29.618009388446808,1
78,query120,0.0,0.0,0.38848352432250977,0.38848352432250977,29.618009388446808,1
79,query121,0.0,0.0,0.33188176155090326,0.33188176155090326,29.618009388446808,1
80,query116,0.0,0.0,0.32833075523376465,0.32833075523376465,29.618009388446808,1
81,query122,0.0,0.0,0.306835412979126,0.306835412979126,29.618009388446808,1
82,query124,0.0,0.0,0.30402219295501703,0.30402219295501703,29.618009388446808,1
83,query125,0.0,0.0,0.21519231796264646,0.21519231796264646,29.618009388446808,1
84,query126,0.0,0.0,0.42425429821014404,0.42425429821014404,29.618009388446808,1
85,query127,0.0,0.0,0.40491944551467896,0.40491944551467896,29.618009388446808,1
86,query128,0.0,0.0,0.35640227794647217,0.35640227794647217,29.618009388446808,1
87,query129,0.0,0.0,0.5474182963371277,0.5474182963371277,29.618009388446808,1
88,query123,0.0,0.0,0.19717639684677118,0.19717639684677118,29.618009388446808,1
89,query115,0.0,0.0,0.7199121713638306,0.7199121713638306,29.618009388446808,1
90,query114,0.0,0.0,0.45759743452072144,0.45759743452072144,29.618009388446808,1
91,query113,0.0,0.0,0.37270236015319824,0.37270236015319824,29.618009388446808,1
92,query10,0.0,0.0,0.3019530773162842,0.3019530773162842,29.618009388446808,1
93,query100,0.0,0.0,0.322823703289032,0.322823703289032,29.618009388446808,1
94,query101,0.0,0.0,0.3630136251449585,0.3630136251449585,29.618009388446808,1
95,query102,0.0,0.0,0.26946955919265747,0.26946955919265747,29.618009388446808,1
96,query103,0.0,0.0,0.27662998437881464,0.27662998437881464,29.618009388446808,1
97,query104,0.0,0.0,0.30615586042404175,0.30615586042404175,29.618009388446808,1
98,query105,0.0,0.0,0.2860432267189026,0.2860432267189026,29.618009388446808,1
99,query106,0.0,0.0,0.2846192717552185,0.2846192717552185,29.618009388446808,1
100,query107,0.0,0.0,0.30086272954940796,0.30086272954940796,29.618009388446808,1
101,query108,0.0,0.0,0.2836272716522216,0.2836272716522216,29.618009388446808,1
102,query109,0.0,0.0,0.36131417751312256,0.36131417751312256,29.618009388446808,1
103,query11,0.0,0.0,0.39028000831604004,0.39028000831604004,29.618009388446808,1
104,query110,0.0,0.0,0.795138955116272,0.795138955116272,29.618009388446808,1
105,query111,0.0,0.0,0.3806656002998352,0.3806656002998352,29.618009388446808,1
106,query112,0.0,0.0,0.3035418391227722,0.3035418391227722,29.618009388446808,1
107,query13,0.0,0.0,0.29890793561935425,0.29890793561935425,29.618009388446808,1
108,query98,0.0,0.0,0.3709068298339844,0.3709068298339844,29.618009388446808,1
109,query130,0.0,0.0,0.34603172540664673,0.34603172540664673,29.618009388446808,1
110,query132,0.0,0.0,0.2961219549179077,0.2961219549179077,29.618009388446808,1
111,query19,0.0,0.0,0.2672842741012573,0.2672842741012573,29.618009388446808,1
112,query2,0.0,0.0,1.335076928138733,1.335076928138733,29.618009388446808,1
113,query20,0.0,0.0,0.5588998198509216,0.5588998198509216,29.618009388446808,1
114,query21,0.0,0.0,0.37328577041625977,0.37328577041625977,29.618009388446808,1
115,query22,0.0,0.0,0.40408557653427124,0.40408557653427124,29.618009388446808,1
116,query23,0.0,0.0,0.3824272155761719,0.3824272155761719,29.618009388446808,1
117,query18,0.0,0.0,0.3598642349243164,0.3598642349243164,29.618009388446808,1
118,query24,0.0,0.0,0.26038515567779535,0.26038515567779535,29.618009388446808,1
119,query26,0.0,0.0,0.37978321313858027,0.37978321313858027,29.618009388446808,1
120,query27,0.0,0.0,0.3435842990875244,0.3435842990875244,29.618009388446808,1
121,query28,0.0,0.0,0.4636955261230469,0.4636955261230469,29.618009388446808,1
122,query29,0.0,0.0,0.5896473526954651,0.5896473526954651,29.618009388446808,1
123,query3,0.0,0.0,0.6191844344139099,0.6191844344139099,29.618009388446808,1
124,query30,0.0,0.0,1.679668664932251,1.679668664932251,29.618009388446808,1
125,query25,0.0,0.0,0.5724308490753174,0.5724308490753174,29.618009388446808,1
126,query17,0.0,0.0,0.2540247440338134,0.2540247440338134,29.618009388446808,1
127,query16,0.0,0.0,0.45988404750823975,0.45988404750823975,29.618009388446808,1
128,query15,0.0,0.0,0.36237978935241694,0.36237978935241694,29.618009388446808,1
129,query133,0.0,0.0,0.4882310628890991,0.4882310628890991,29.618009388446808,1
130,query134,0.0,0.0,0.3340691328048706,0.3340691328048706,29.618009388446808,1
131,query135,0.0,0.0,29.618009388446808,29.618009388446808,29.618009388446808,1
132,query136,0.0,0.0,0.33730971813201904,0.33730971813201904,29.618009388446808,1
133,query137,0.0,0.0,0.2902221083641052,0.2902221083641052,29.618009388446808,1
134,query138,0.0,0.0,5.945519030094147,5.945519030094147,29.618009388446808,1
135,query139,0.0,0.0,0.6062957644462585,0.6062957644462585,29.618009388446808,1
136,query14,0.0,0.0,0.3116734027862549,0.3116734027862549,29.618009388446808,1
137,query140,0.0,0.0,0.7309507131576538,0.7309507131576538,29.618009388446808,1
138,query141,0.0,0.0,0.6536739468574524,0.6536739468574524,29.618009388446808,1
139,query142,0.0,0.0,2.487046778202057,2.487046778202057,29.618009388446808,1
140,query143,0.0,0.0,1.9660096168518069,1.9660096168518069,29.618009388446808,1
141,query144,0.0,0.0,0.5716232061386108,0.5716232061386108,29.618009388446808,1
142,query145,0.0,0.0,0.40599125623703003,0.40599125623703003,29.618009388446808,1
143,query146,0.0,0.0,0.39591026306152344,0.39591026306152344,29.618009388446808,1
144,query131,0.0,0.0,0.3436415791511535,0.3436415791511535,29.618009388446808,1
145,query99,0.0,0.0,0.25574564933776855,0.25574564933776855,29.618009388446808,1
