index,query_id,start_time,planning_time,execution_time,execution_start_time,workload_time,ID
0,query1,0.0,0.0,2.040547728538513,2.040547728538513,490.5541630387306,0
1,query51,0.0,0.0,0.8110232949256897,0.8110232949256897,490.5541630387306,0
2,query52,0.0,0.0,1.333597719669342,1.333597719669342,490.5541630387306,0
3,query53,0.0,0.0,0.34644216299057007,0.34644216299057007,490.5541630387306,0
4,query54,0.0,0.0,0.24457019567489618,0.24457019567489618,490.5541630387306,0
5,query55,0.0,0.0,0.2822674512863159,0.2822674512863159,490.5541630387306,0
6,query56,0.0,0.0,0.32927852869033813,0.32927852869033813,490.5541630387306,0
7,query50,0.0,0.0,6.134193301200867,6.134193301200867,490.5541630387306,0
8,query57,0.0,0.0,0.21575057506561277,0.21575057506561277,490.5541630387306,0
9,query59,0.0,0.0,0.8883265256881714,0.8883265256881714,490.5541630387306,0
10,query6,0.0,0.0,0.4136562943458557,0.4136562943458557,490.5541630387306,0
11,query60,0.0,0.0,0.5430163145065308,0.5430163145065308,490.5541630387306,0
12,query61,0.0,0.0,0.40704679489135737,0.40704679489135737,490.5541630387306,0
13,query62,0.0,0.0,0.3368654251098633,0.3368654251098633,490.5541630387306,0
14,query63,0.0,0.0,0.3183104395866394,0.3183104395866394,490.5541630387306,0
15,query58,0.0,0.0,99.51973569393158,99.51973569393158,490.5541630387306,0
16,query64,0.0,0.0,0.42162841558456415,0.42162841558456415,490.5541630387306,0
17,query5,0.0,0.0,0.30945515632629395,0.30945515632629395,490.5541630387306,0
18,query48,0.0,0.0,239.43538308143616,239.43538308143616,490.5541630387306,0
19,query35,0.0,0.0,0.2957231402397156,0.2957231402397156,490.5541630387306,0
20,query36,0.0,0.0,0.19381862878799433,0.19381862878799433,490.5541630387306,0
21,query37,0.0,0.0,0.3700428605079651,0.3700428605079651,490.5541630387306,0
22,query38,0.0,0.0,0.9340506792068481,0.9340506792068481,490.5541630387306,0
23,query39,0.0,0.0,0.4007937312126159,0.4007937312126159,490.5541630387306,0
24,query4,0.0,0.0,0.5219097137451172,0.5219097137451172,490.5541630387306,0
25,query49,0.0,0.0,325.9950968027115,325.9950968027115,490.5541630387306,0
26,query40,0.0,0.0,0.2695865035057068,0.2695865035057068,490.5541630387306,0
27,query42,0.0,0.0,0.3575345873832702,0.3575345873832702,490.5541630387306,0
28,query43,0.0,0.0,0.3770418167114258,0.3770418167114258,490.5541630387306,0
29,query44,0.0,0.0,0.33395582437515253,0.33395582437515253,490.5541630387306,0
30,query45,0.0,0.0,0.26313114166259766,0.26313114166259766,490.5541630387306,0
31,query46,0.0,0.0,0.4373812079429626,0.4373812079429626,490.5541630387306,0
32,query47,0.0,0.0,1.4119660258293152,1.4119660258293152,490.5541630387306,0
33,query41,0.0,0.0,0.26938545703887934,0.26938545703887934,490.5541630387306,0
34,query65,0.0,0.0,0.3965342044830322,0.3965342044830322,490.5541630387306,0
35,query66,0.0,0.0,0.4303940534591675,0.4303940534591675,490.5541630387306,0
36,query67,0.0,0.0,0.33672720193862915,0.33672720193862915,490.5541630387306,0
37,query85,0.0,0.0,0.22432583570480344,0.22432583570480344,490.5541630387306,0
38,query86,0.0,0.0,0.3251358270645141,0.3251358270645141,490.5541630387306,0
39,query87,0.0,0.0,0.2154572010040283,0.2154572010040283,490.5541630387306,0
40,query88,0.0,0.0,0.29874062538146967,0.29874062538146967,490.5541630387306,0
41,query89,0.0,0.0,0.20012778043746945,0.20012778043746945,490.5541630387306,0
42,query9,0.0,0.0,0.49387162923812866,0.49387162923812866,490.5541630387306,0
43,query84,0.0,0.0,0.3254250288009643,0.3254250288009643,490.5541630387306,0
44,query90,0.0,0.0,0.26393210887908936,0.26393210887908936,490.5541630387306,0
45,query92,0.0,0.0,0.2577069401741028,0.2577069401741028,490.5541630387306,0
46,query93,0.0,0.0,0.18062096834182734,0.18062096834182734,490.5541630387306,0
47,query94,0.0,0.0,0.18387472629547114,0.18387472629547114,490.5541630387306,0
48,query95,0.0,0.0,0.37050992250442505,0.37050992250442505,490.5541630387306,0
49,query96,0.0,0.0,0.4228866696357727,0.4228866696357727,490.5541630387306,0
50,query97,0.0,0.0,0.49915003776550293,0.49915003776550293,490.5541630387306,0
51,query91,0.0,0.0,0.2950187921524048,0.2950187921524048,490.5541630387306,0
52,query83,0.0,0.0,0.2623990178108215,0.2623990178108215,490.5541630387306,0
53,query82,0.0,0.0,0.2704441547393798,0.2704441547393798,490.5541630387306,0
54,query81,0.0,0.0,0.22386324405670166,0.22386324405670166,490.5541630387306,0
55,query68,0.0,0.0,6.685184180736542,6.685184180736542,490.5541630387306,0
56,query69,0.0,0.0,1.048983633518219,1.048983633518219,490.5541630387306,0
57,query7,0.0,0.0,1.5905867218971252,1.5905867218971252,490.5541630387306,0
58,query70,0.0,0.0,0.9082151651382446,0.9082151651382446,490.5541630387306,0
59,query71,0.0,0.0,0.6902288198471069,0.6902288198471069,490.5541630387306,0
60,query72,0.0,0.0,0.38310718536376953,0.38310718536376953,490.5541630387306,0
61,query73,0.0,0.0,0.41582047939300537,0.41582047939300537,490.5541630387306,0
62,query74,0.0,0.0,0.6795303821563721,0.6795303821563721,490.5541630387306,0
63,query75,0.0,0.0,0.5598073601722717,0.5598073601722717,490.5541630387306,0
64,query76,0.0,0.0,0.4058953523635864,0.4058953523635864,490.5541630387306,0
65,query77,0.0,0.0,0.4238409399986267,0.4238409399986267,490.5541630387306,0
66,query78,0.0,0.0,0.31301069259643555,0.31301069259643555,490.5541630387306,0
67,query79,0.0,0.0,0.4462907314300537,0.4462907314300537,490.5541630387306,0
68,query8,0.0,0.0,1.1915090680122375,1.1915090680122375,490.5541630387306,0
69,query80,0.0,0.0,0.2762058973312378,0.2762058973312378,490.5541630387306,0
70,query34,0.0,0.0,2.5354666113853455,2.5354666113853455,490.5541630387306,0
71,query33,0.0,0.0,39.228559255599976,39.228559255599976,490.5541630387306,0
72,query32,0.0,0.0,490.5541630387306,490.5541630387306,490.5541630387306,0
73,query31,0.0,0.0,0.37713301181793213,0.37713301181793213,490.5541630387306,0
74,query117,0.0,0.0,0.4369806051254272,0.4369806051254272,490.5541630387306,0
75,query118,0.0,0.0,0.4586639404296875,0.4586639404296875,490.5541630387306,0
76,query119,0.0,0.0,0.3106004595756531,0.3106004595756531,490.5541630387306,0
77,query12,0.0,0.0,1.7384350895881653,1.7384350895881653,490.5541630387306,0
78,query120,0.0,0.0,56.64239066839218,56.64239066839218,490.5541630387306,0
79,query121,0.0,0.0,0.3173303008079529,0.3173303008079529,490.5541630387306,0
80,query116,0.0,0.0,0.3621312975883484,0.3621312975883484,490.5541630387306,0
81,query122,0.0,0.0,42.81729406118393,42.81729406118393,490.5541630387306,0
82,query124,0.0,0.0,0.2265863418579101,0.2265863418579101,490.5541630387306,0
83,query125,0.0,0.0,0.26564836502075195,0.26564836502075195,490.5541630387306,0
84,query126,0.0,0.0,13.075879156589508,13.075879156589508,490.5541630387306,0
85,query127,0.0,0.0,0.33392560482025146,0.33392560482025146,490.5541630387306,0
86,query128,0.0,0.0,0.3877074122428894,0.3877074122428894,490.5541630387306,0
87,query129,0.0,0.0,0.3455105423927307,0.3455105423927307,490.5541630387306,0
88,query123,0.0,0.0,0.8164797425270081,0.8164797425270081,490.5541630387306,0
89,query115,0.0,0.0,0.5118126273155212,0.5118126273155212,490.5541630387306,0
90,query114,0.0,0.0,0.37059712409973145,0.37059712409973145,490.5541630387306,0
91,query113,0.0,0.0,0.37052863836288447,0.37052863836288447,490.5541630387306,0
92,query10,0.0,0.0,0.36451256275177,0.36451256275177,490.5541630387306,0
93,query100,0.0,0.0,0.3712936043739319,0.3712936043739319,490.5541630387306,0
94,query101,0.0,0.0,0.3716312646865845,0.3716312646865845,490.5541630387306,0
95,query102,0.0,0.0,0.3446323275566101,0.3446323275566101,490.5541630387306,0
96,query103,0.0,0.0,0.2024464607238769,0.2024464607238769,490.5541630387306,0
97,query104,0.0,0.0,0.3497544527053833,0.3497544527053833,490.5541630387306,0
98,query105,0.0,0.0,0.9841650128364563,0.9841650128364563,490.5541630387306,0
99,query106,0.0,0.0,0.35244631767272944,0.35244631767272944,490.5541630387306,0
100,query107,0.0,0.0,2.332009434700012,2.332009434700012,490.5541630387306,0
101,query108,0.0,0.0,2.762671411037445,2.762671411037445,490.5541630387306,0
102,query109,0.0,0.0,0.37414902448654175,0.37414902448654175,490.5541630387306,0
103,query11,0.0,0.0,0.37473595142364496,0.37473595142364496,490.5541630387306,0
104,query110,0.0,0.0,0.27479857206344604,0.27479857206344604,490.5541630387306,0
105,query111,0.0,0.0,0.40838873386383057,0.40838873386383057,490.5541630387306,0
106,query112,0.0,0.0,0.2966631054878235,0.2966631054878235,490.5541630387306,0
107,query13,0.0,0.0,0.3046467900276184,0.3046467900276184,490.5541630387306,0
108,query98,0.0,0.0,0.5101362466812134,0.5101362466812134,490.5541630387306,0
109,query130,0.0,0.0,0.38520222902297974,0.38520222902297974,490.5541630387306,0
110,query132,0.0,0.0,0.34745436906814575,0.34745436906814575,490.5541630387306,0
111,query19,0.0,0.0,0.2686466574668884,0.2686466574668884,490.5541630387306,0
112,query2,0.0,0.0,0.6958550214767456,0.6958550214767456,490.5541630387306,0
113,query20,0.0,0.0,0.36763554811477656,0.36763554811477656,490.5541630387306,0
114,query21,0.0,0.0,0.4007840156555176,0.4007840156555176,490.5541630387306,0
115,query22,0.0,0.0,0.33927756547927856,0.33927756547927856,490.5541630387306,0
116,query23,0.0,0.0,0.2549937963485717,0.2549937963485717,490.5541630387306,0
117,query18,0.0,0.0,0.39911723136901855,0.39911723136901855,490.5541630387306,0
118,query24,0.0,0.0,0.21622443199157715,0.21622443199157715,490.5541630387306,0
119,query26,0.0,0.0,0.3699458837509155,0.3699458837509155,490.5541630387306,0
120,query27,0.0,0.0,0.37087684869766235,0.37087684869766235,490.5541630387306,0
121,query28,0.0,0.0,0.5078980922698975,0.5078980922698975,490.5541630387306,0
122,query29,0.0,0.0,0.41462659835815424,0.41462659835815424,490.5541630387306,0
123,query3,0.0,0.0,0.5134074091911316,0.5134074091911316,490.5541630387306,0
124,query30,0.0,0.0,1.6315776109695435,1.6315776109695435,490.5541630387306,0
125,query25,0.0,0.0,0.6147511005401611,0.6147511005401611,490.5541630387306,0
126,query17,0.0,0.0,0.2467994689941406,0.2467994689941406,490.5541630387306,0
127,query16,0.0,0.0,0.4262400269508361,0.4262400269508361,490.5541630387306,0
128,query15,0.0,0.0,0.41680538654327387,0.41680538654327387,490.5541630387306,0
129,query133,0.0,0.0,0.3841315507888794,0.3841315507888794,490.5541630387306,0
130,query134,0.0,0.0,0.34047412872314453,0.34047412872314453,490.5541630387306,0
131,query135,0.0,0.0,12.09744930267334,12.09744930267334,490.5541630387306,0
132,query136,0.0,0.0,1.7768843173980713,1.7768843173980713,490.5541630387306,0
133,query137,0.0,0.0,0.28811085224151606,0.28811085224151606,490.5541630387306,0
134,query138,0.0,0.0,0.32901597023010254,0.32901597023010254,490.5541630387306,0
135,query139,0.0,0.0,0.40820223093032837,0.40820223093032837,490.5541630387306,0
136,query14,0.0,0.0,0.29298937320709223,0.29298937320709223,490.5541630387306,0
137,query140,0.0,0.0,1.0634976625442505,1.0634976625442505,490.5541630387306,0
138,query141,0.0,0.0,2.0211768746376038,2.0211768746376038,490.5541630387306,0
139,query142,0.0,0.0,2.0900315046310425,2.0900315046310425,490.5541630387306,0
140,query143,0.0,0.0,1.303132951259613,1.303132951259613,490.5541630387306,0
141,query144,0.0,0.0,0.6204642057418823,0.6204642057418823,490.5541630387306,0
142,query145,0.0,0.0,0.3979833722114563,0.3979833722114563,490.5541630387306,0
143,query146,0.0,0.0,0.4526689052581787,0.4526689052581787,490.5541630387306,0
144,query131,0.0,0.0,0.39045435190200806,0.39045435190200806,490.5541630387306,0
145,query99,0.0,0.0,0.28045171499252314,0.28045171499252314,490.5541630387306,0
