index,query_id,start_time,planning_time,execution_time,execution_start_time,workload_time,ID
0,10a,0.0,0.0,2.7741684913635254,2.7741684913635254,54.21079057455063,0
1,31c,0.0,0.0,3.9080328345298767,3.9080328345298767,54.21079057455063,0
2,31b,0.0,0.0,3.5178409218788147,3.5178409218788147,54.21079057455063,0
3,31a,0.0,0.0,5.183914422988892,5.183914422988892,54.21079057455063,0
4,30c,0.0,0.0,3.799681067466736,3.799681067466736,54.21079057455063,0
5,30b,0.0,0.0,2.6156386733055115,2.6156386733055115,54.21079057455063,0
6,30a,0.0,0.0,4.54651004076004,4.54651004076004,54.21079057455063,0
7,2d,0.0,0.0,2.2212138772010803,2.2212138772010803,54.21079057455063,0
8,2c,0.0,0.0,0.8851513862609863,0.8851513862609863,54.21079057455063,0
9,2b,0.0,0.0,1.0107346773147583,1.0107346773147583,54.21079057455063,0
10,2a,0.0,0.0,1.9973734617233276,1.9973734617233276,54.21079057455063,0
11,29c,0.0,0.0,4.911493480205536,4.911493480205536,54.21079057455063,0
12,32a,0.0,0.0,0.5504770874977112,0.5504770874977112,54.21079057455063,0
13,29b,0.0,0.0,2.784923493862152,2.784923493862152,54.21079057455063,0
14,28c,0.0,0.0,2.387299954891205,2.387299954891205,54.21079057455063,0
15,28b,0.0,0.0,2.4248085618019104,2.4248085618019104,54.21079057455063,0
16,28a,0.0,0.0,3.7187787890434265,3.7187787890434265,54.21079057455063,0
17,27c,0.0,0.0,2.691130816936493,2.691130816936493,54.21079057455063,0
18,27b,0.0,0.0,2.0097647309303284,2.0097647309303284,54.21079057455063,0
19,27a,0.0,0.0,2.5650686621665955,2.5650686621665955,54.21079057455063,0
20,26c,0.0,0.0,3.44886565208435,3.44886565208435,54.21079057455063,0
21,26b,0.0,0.0,2.899916350841522,2.899916350841522,54.21079057455063,0
22,26a,0.0,0.0,4.559645116329193,4.559645116329193,54.21079057455063,0
23,25c,0.0,0.0,3.0808975100517273,3.0808975100517273,54.21079057455063,0
24,25b,0.0,0.0,2.6484131813049316,2.6484131813049316,54.21079057455063,0
25,29a,0.0,0.0,3.963900804519653,3.963900804519653,54.21079057455063,0
26,32b,0.0,0.0,1.3508183360099792,1.3508183360099792,54.21079057455063,0
27,33a,0.0,0.0,2.4876914620399475,2.4876914620399475,54.21079057455063,0
28,33b,0.0,0.0,1.8716326951980593,1.8716326951980593,54.21079057455063,0
29,9b,0.0,0.0,2.989979922771454,2.989979922771454,54.21079057455063,0
30,9a,0.0,0.0,3.554992020130158,3.554992020130158,54.21079057455063,0
31,8d,0.0,0.0,5.174331307411194,5.174331307411194,54.21079057455063,0
32,8c,0.0,0.0,7.3295528292655945,7.3295528292655945,54.21079057455063,0
33,8b,0.0,0.0,1.151301383972168,1.151301383972168,54.21079057455063,0
34,8a,0.0,0.0,2.720804750919342,2.720804750919342,54.21079057455063,0
35,7c,0.0,0.0,54.21079057455063,54.21079057455063,54.21079057455063,0
36,7b,0.0,0.0,5.069634795188904,5.069634795188904,54.21079057455063,0
37,7a,0.0,0.0,2.446846067905426,2.446846067905426,54.21079057455063,0
38,6f,0.0,0.0,4.576170325279236,4.576170325279236,54.21079057455063,0
39,6e,0.0,0.0,3.037967026233673,3.037967026233673,54.21079057455063,0
40,6d,0.0,0.0,3.576639711856842,3.576639711856842,54.21079057455063,0
41,6c,0.0,0.0,2.973962128162384,2.973962128162384,54.21079057455063,0
42,6b,0.0,0.0,4.104761481285095,4.104761481285095,54.21079057455063,0
43,6a,0.0,0.0,4.20841246843338,4.20841246843338,54.21079057455063,0
44,5c,0.0,0.0,1.8574116826057434,1.8574116826057434,54.21079057455063,0
45,5b,0.0,0.0,0.6765701174736023,0.6765701174736023,54.21079057455063,0
46,5a,0.0,0.0,0.664402961730957,0.664402961730957,54.21079057455063,0
47,4c,0.0,0.0,0.951593279838562,0.951593279838562,54.21079057455063,0
48,4b,0.0,0.0,1.3009782433509827,1.3009782433509827,54.21079057455063,0
49,4a,0.0,0.0,1.9947870969772339,1.9947870969772339,54.21079057455063,0
50,3c,0.0,0.0,1.9140746593475342,1.9140746593475342,54.21079057455063,0
51,3b,0.0,0.0,1.1271805167198181,1.1271805167198181,54.21079057455063,0
52,3a,0.0,0.0,1.737396776676178,1.737396776676178,54.21079057455063,0
53,33c,0.0,0.0,1.9439682960510254,1.9439682960510254,54.21079057455063,0
54,25a,0.0,0.0,4.275633454322815,4.275633454322815,54.21079057455063,0
55,9c,0.0,0.0,3.64611405134201,3.64611405134201,54.21079057455063,0
56,24b,0.0,0.0,2.729223668575287,2.729223668575287,54.21079057455063,0
57,23c,0.0,0.0,1.8477492928504944,1.8477492928504944,54.21079057455063,0
58,16d,0.0,0.0,6.640066683292389,6.640066683292389,54.21079057455063,0
59,16c,0.0,0.0,6.959365725517273,6.959365725517273,54.21079057455063,0
60,16b,0.0,0.0,8.101239681243896,8.101239681243896,54.21079057455063,0
61,16a,0.0,0.0,8.792542457580566,8.792542457580566,54.21079057455063,0
62,15d,0.0,0.0,2.8517770767211914,2.8517770767211914,54.21079057455063,0
63,15c,0.0,0.0,2.1395554542541504,2.1395554542541504,54.21079057455063,0
64,15b,0.0,0.0,1.4559552669525146,1.4559552669525146,54.21079057455063,0
65,15a,0.0,0.0,2.1179370880126953,2.1179370880126953,54.21079057455063,0
66,14c,0.0,0.0,2.2173489928245544,2.2173489928245544,54.21079057455063,0
67,14b,0.0,0.0,1.9640466570854187,1.9640466570854187,54.21079057455063,0
68,14a,0.0,0.0,3.3328335285186768,3.3328335285186768,54.21079057455063,0
69,17a,0.0,0.0,6.507179856300354,6.507179856300354,54.21079057455063,0
70,13d,0.0,0.0,3.12059485912323,3.12059485912323,54.21079057455063,0
71,13b,0.0,0.0,3.4257240891456604,3.4257240891456604,54.21079057455063,0
72,13a,0.0,0.0,3.114464282989502,3.114464282989502,54.21079057455063,0
73,12c,0.0,0.0,1.5667511224746704,1.5667511224746704,54.21079057455063,0
74,12b,0.0,0.0,3.2093385457992554,3.2093385457992554,54.21079057455063,0
75,12a,0.0,0.0,1.7206000685691833,1.7206000685691833,54.21079057455063,0
76,11d,0.0,0.0,2.780775487422943,2.780775487422943,54.21079057455063,0
77,11c,0.0,0.0,1.7488809823989868,1.7488809823989868,54.21079057455063,0
78,11b,0.0,0.0,1.1146143078804016,1.1146143078804016,54.21079057455063,0
79,11a,0.0,0.0,1.7505155801773071,1.7505155801773071,54.21079057455063,0
80,10c,0.0,0.0,1.8406943678855896,1.8406943678855896,54.21079057455063,0
81,10b,0.0,0.0,1.8446574807167053,1.8446574807167053,54.21079057455063,0
82,13c,0.0,0.0,1.7053072452545166,1.7053072452545166,54.21079057455063,0
83,17b,0.0,0.0,10.906514108181,10.906514108181,54.21079057455063,0
84,17c,0.0,0.0,9.994597852230072,9.994597852230072,54.21079057455063,0
85,17d,0.0,0.0,10.205536842346191,10.205536842346191,54.21079057455063,0
86,23b,0.0,0.0,1.729530692100525,1.729530692100525,54.21079057455063,0
87,23a,0.0,0.0,2.093768298625946,2.093768298625946,54.21079057455063,0
88,22d,0.0,0.0,3.0754420161247253,3.0754420161247253,54.21079057455063,0
89,22c,0.0,0.0,2.3303707242012024,2.3303707242012024,54.21079057455063,0
90,22b,0.0,0.0,2.3542179465293884,2.3542179465293884,54.21079057455063,0
91,22a,0.0,0.0,3.4459553360939026,3.4459553360939026,54.21079057455063,0
92,21c,0.0,0.0,1.9253557920455933,1.9253557920455933,54.21079057455063,0
93,21b,0.0,0.0,1.4256079196929932,1.4256079196929932,54.21079057455063,0
94,21a,0.0,0.0,2.3711116313934326,2.3711116313934326,54.21079057455063,0
95,20c,0.0,0.0,3.2926825881004333,3.2926825881004333,54.21079057455063,0
96,20b,0.0,0.0,2.3119159936904907,2.3119159936904907,54.21079057455063,0
97,20a,0.0,0.0,3.4347065687179565,3.4347065687179565,54.21079057455063,0
98,1d,0.0,0.0,1.2858232855796814,1.2858232855796814,54.21079057455063,0
99,1c,0.0,0.0,1.8646520972251894,1.8646520972251894,54.21079057455063,0
100,1b,0.0,0.0,2.466916561126709,2.466916561126709,54.21079057455063,0
101,1a,0.0,0.0,5.30168217420578,5.30168217420578,54.21079057455063,0
102,19d,0.0,0.0,5.300513565540314,5.300513565540314,54.21079057455063,0
103,19c,0.0,0.0,3.8058213591575623,3.8058213591575623,54.21079057455063,0
104,19b,0.0,0.0,2.5854649543762207,2.5854649543762207,54.21079057455063,0
105,19a,0.0,0.0,3.3614466786384583,3.3614466786384583,54.21079057455063,0
106,18c,0.0,0.0,2.7375300526618958,2.7375300526618958,54.21079057455063,0
107,18b,0.0,0.0,2.0024219751358032,2.0024219751358032,54.21079057455063,0
108,18a,0.0,0.0,4.531300246715546,4.531300246715546,54.21079057455063,0
109,17f,0.0,0.0,10.823356807231903,10.823356807231903,54.21079057455063,0
110,17e,0.0,0.0,6.193033158779144,6.193033158779144,54.21079057455063,0
111,24a,0.0,0.0,4.73015820980072,4.73015820980072,54.21079057455063,0
112,9d,0.0,0.0,3.808007597923279,3.808007597923279,54.21079057455063,0
