index,query_id,start_time,planning_time,execution_time,execution_start_time,workload_time,ID
0,query2,0.0,98.7025,2344.546,2345.006577011108,3526325.1492576194,0
1,query3,0.9502649307250977,112.36189999999999,3959.4801999999995,3960.891041941833,3526325.1492576194,0
2,query1,4.095315933227539,105.57919999999999,499.3335,503.88939294433595,3526325.1492576194,0
3,query4,4.230022430419922,111.9387,3773.3144,3778.0049994415285,3526325.1492576194,0
4,query5,9.685659408569336,109.269,2831.0555,2841.2017364196777,3526325.1492576194,0
5,query6,15.50741195678711,98.8729,1328.1643,1344.1322889678954,3526325.1492576194,0
6,query7,22.07956314086914,103.22740000000002,1317.3175999999999,1339.8577401519774,3526325.1492576194,0
7,query8,27.997708320617676,102.8703,1680.7679,1709.2261853317261,3526325.1492576194,0
8,query9,35.64465045928955,107.9731,2317.5888999999997,2353.6941274703977,3526325.1492576194,0
9,query10,41.01831912994385,108.51020000000001,2787.3357,2828.8145961410523,3526325.1492576194,0
10,query11,46.97766304016113,107.56089999999999,2019.5201000000002,2066.9583400512697,3526325.1492576194,0
11,query12,53.64077091217041,117.35799999999999,1867.5106,1921.6119479232789,3526325.1492576194,0
12,query13,59.375929832458496,115.2456,1230.5084,1290.3449068435668,3526325.1492576194,0
13,query14,65.06147384643555,114.6276,1131.7588,1197.280850857544,3526325.1492576194,0
14,query15,69.9514627456665,106.71110000000002,4225.5223,4295.9343397567745,3526325.1492576194,0
15,query16,75.70219039916992,106.81099999999999,1176.9666,1253.1293674102783,3526325.1492576194,0
16,query17,81.04367256164551,112.42439999999999,1214.4557,1295.9599495727539,3526325.1492576194,0
17,query18,86.4436388015747,108.74859999999998,2246.349,2333.2532158126833,3526325.1492576194,0
18,query19,98.39692115783691,106.37010000000001,1305.6358,1404.4932981689453,3526325.1492576194,0
19,query20,103.35302352905273,104.8098,2320.9862000000003,2424.7998005401614,3526325.1492576194,0
20,query21,108.94906520843506,113.16929999999999,1906.3788,2015.7884422195434,3526325.1492576194,0
21,query22,114.22591209411621,107.9272,4666.795,4781.481489105225,3526325.1492576194,0
22,query23,120.58737277984619,103.33,702.2454,823.2933497909546,3526325.1492576194,0
23,query24,125.99334716796875,99.2536,1128.6921,1255.1460241790771,3526325.1492576194,0
24,query25,132.13930130004883,107.2082,3214.7653999999998,3347.3652783111575,3526325.1492576194,0
25,query26,138.01031112670898,89.6505,1607.2486000000001,1745.7194881378175,3526325.1492576194,0
26,query27,144.64268684387207,92.87780000000001,1674.9991999999997,1820.1024638549802,3526325.1492576194,0
27,query28,150.47390460968018,78.4123,14753.496599999999,14904.431081620787,3526325.1492576194,0
28,query29,155.71513175964355,72.2307,4774.445900000001,4930.621608770753,3526325.1492576194,0
29,query30,161.41226291656494,72.49510000000001,223131.15640000004,223293.0292399277,3526325.1492576194,0
30,query31,168.4326171875,69.9461,10244.287699999999,10413.180894198607,3526325.1492576194,0
31,query32,174.16439056396484,71.1151,54827.7063,55002.33126757507,3526325.1492576194,0
32,query33,685.1366281509399,15.465,1512.4028999999998,2198.0001051620484,3526325.1492576194,0
33,query34,1287.2518062591553,18.1249,225611.7639,226899.47628327025,3526325.1492576194,0
34,query35,1310.689401626587,19.2607,11853.1206,13164.270578637696,3526325.1492576194,0
35,query36,1345.7229375839233,18.1943,544.9467000000001,1891.1302145950317,3526325.1492576194,0
36,query37,1392.8894519805908,56.518600000000006,4171.8307,5565.1807289917,3526325.1492576194,0
37,query38,1436.8995428085327,17.8861,41052.2367,42489.59681981964,3526325.1492576194,0
38,query39,1497.8005647659302,16.1613,6384.1152,7882.376341777039,3526325.1492576194,0
39,query40,1557.8797101974487,6.8447000000000005,441.29679999999996,1999.6370872085572,3526325.1492576194,0
40,query41,1616.9503450393677,7.5,157.6728,1775.083722050476,3526325.1492576194,0
41,query42,1646.0041522979736,8.7018,2107.2354,3753.700129309082,3526325.1492576194,0
42,query43,1684.5052003860474,14.0173,5551.1375,7236.103277397156,3526325.1492576194,0
43,query44,1732.972502708435,14.7085,4888.8688,6622.301879719543,3526325.1492576194,0
44,query45,1788.902235031128,16.804499999999997,1250.4054,3039.7682120422364,3526325.1492576194,0
45,query46,1835.9178066253662,72.7979,1564.7540000000001,3401.1323836364745,3526325.1492576194,0
46,query47,1879.7858953475952,45.207100000000004,42320.3385,44200.5849723587,3526325.1492576194,0
47,query48,1953.3542394638062,39.613299999999995,635.3303,2589.1451164749146,3526325.1492576194,0
48,query49,2030.1059484481812,36.8695,13322.8576,15353.424125459289,3526325.1492576194,0
49,query50,2070.366144180298,37.7144,3234.7311999999997,5305.557921191406,3526325.1492576194,0
50,query51,2130.144429206848,38.5225,85054.443,87185.04800621796,3526325.1492576194,0
51,query52,2196.169352531433,33.1733,98499.2815,100695.91142954254,3526325.1492576194,0
52,query53,2291.915249824524,21.600900000000003,1500.9896,3793.365426835632,3526325.1492576194,0
53,query54,2373.283290863037,19.6935,128.0366,2501.7804678741454,3526325.1492576194,0
54,query55,2468.1991815567017,12.389,53.501099999999994,2522.16085856781,3526325.1492576194,0
55,query56,2507.1149110794067,14.9372,17176.2546,19683.830088090515,3526325.1492576194,0
56,query57,2586.7751121520996,21.9,86519.81019999999,89107.0458891632,3526325.1492576194,0
57,query58,2633.5622787475586,51.487,3135018.1848999998,3137652.2077557584,3526325.1492576194,0
58,query59,2757.046890258789,61.55989999999999,61388.6333,64146.1407672699,3526325.1492576194,0
59,query60,2809.6038579940796,46.9189,7431.6053,10241.669735005187,3526325.1492576194,0
60,query61,2882.8086137771606,46.973699999999994,845.0496999999999,3728.3188907882695,3526325.1492576194,0
61,query62,2985.355067253113,44.708999999999996,256.1352,3241.950844264221,3526325.1492576194,0
62,query63,3116.8882608413696,40.3428,226.45209999999997,3343.800937852478,3526325.1492576194,0
63,query64,3217.3722743988037,41.2178,1054.8163,4272.6491514099125,3526325.1492576194,0
64,query65,3270.7218170166016,47.6259,445.9557,3717.13809402771,3526325.1492576194,0
65,query66,3360.799527168274,53.6476,4565.6985,7926.958604179383,3526325.1492576194,0
66,query67,3446.723484992981,54.5991,154.3432,3601.5272620040896,3526325.1492576194,0
67,query68,3548.527932167053,76.6892,247658.0824,251207.07090917818,3526325.1492576194,0
68,query69,3608.038878440857,81.40209999999999,52743.54349999999,56352.04295545196,3526325.1492576194,0
69,query70,3684.6997499465942,74.6832,77627.8747,81313.0350269577,3526325.1492576194,0
70,query71,3808.0090522766113,69.74980000000001,42089.5836,45898.05322928772,3526325.1492576194,0
71,query72,3929.6797275543213,85.724,3663.3188,7593.459104565431,3526325.1492576194,0
72,query73,4142.13707447052,73.2989,1660.6133000000002,5803.210951481628,3526325.1492576194,0
73,query74,4312.532949447632,43.7552,24768.8105,29081.80402645874,3526325.1492576194,0
74,query75,4517.410898208618,36.8451,4710.4318,9228.303275219727,3526325.1492576194,0
75,query76,4702.27198600769,42.2479,2344.1276,7046.860163018799,3526325.1492576194,0
76,query77,5029.197430610657,42.7565,16295.2057,21324.863707621764,3526325.1492576194,0
77,query78,5376.321172714233,40.9345,663.7954,6040.577149725342,3526325.1492576194,0
78,query79,5487.130403518677,46.6109,3892.397,9379.987980529786,3526325.1492576194,0
79,query80,5786.9136571884155,3.5665999999999998,1654.9575,7442.331734199523,3526325.1492576194,0
80,query81,5968.91622543335,3.8082000000000003,1884.3054,7853.682202444458,3526325.1492576194,0
81,query82,6239.898419380188,4.7094000000000005,1805.0816,8045.440596391297,3526325.1492576194,0
82,query83,6570.877242088318,3.4283,1720.1794000000002,8291.517219099425,3526325.1492576194,0
83,query84,7037.740898132324,5.4155999999999995,5832.9698,12871.171275143433,3526325.1492576194,0
84,query85,7225.977087020874,4.9902999999999995,26532.5229,33758.96056403198,3526325.1492576194,0
85,query86,7458.0825090408325,7.5665000000000004,998.4385,8456.981586051941,3526325.1492576194,0
86,query87,7771.06397151947,3.6268000000000002,669.7373,8441.261848530577,3526325.1492576194,0
87,query88,7970.928359031677,3.9369,5555.0136,13526.402536042786,3526325.1492576194,0
88,query89,8171.659708023071,3.4265,1052.9567,9225.076985034179,3526325.1492576194,0
89,query90,8346.942162513733,2.9773,1357.999,9705.401739524841,3526325.1492576194,0
90,query91,8507.28874206543,3.6536999999999997,3146.483,11654.232319076538,3526325.1492576194,0
91,query92,8703.716087341309,1.7609,999.8735,9704.050164352417,3526325.1492576194,0
92,query93,8961.434602737427,4.9893,1973.5524,10935.447579748536,3526325.1492576194,0
93,query94,9155.651783943176,4.8077,2417.2779,11573.390260954284,3526325.1492576194,0
94,query95,9330.380249023438,29.0063,3836.4945999999995,13167.335426034546,3526325.1492576194,0
95,query96,9546.649289131165,30.061,2899.5033,12446.613166142273,3526325.1492576194,0
96,query97,9720.482873916626,14.7407,38084.0978,47805.04125092774,3526325.1492576194,0
97,query98,9992.27318763733,23.7419,30722.213300000003,40714.94706464844,3526325.1492576194,0
98,query99,10405.322813987732,18.903200000000002,1788.902,12194.68539099884,3526325.1492576194,0
99,query100,10606.518697738647,7.519800000000001,936.5896,11543.568874749757,3526325.1492576194,0
100,query101,10905.466055870056,8.0533,1319.5902,12225.516832881165,3526325.1492576194,0
101,query102,11159.1078042984,5.0073,2289.6264,13449.194781309508,3526325.1492576194,0
102,query103,11406.420350074768,18.9618,2581.5986000000003,13988.479527085878,3526325.1492576194,0
103,query104,11616.694808006287,12.5529,38981.9399,50599.09528501739,3526325.1492576194,0
104,query105,11789.209818840027,11.6994,93391.4685,105181.13889585114,3526325.1492576194,0
105,query106,12142.490100860596,15.081800000000001,8029.5724,20172.5230778717,3526325.1492576194,0
106,query107,12338.411784172058,15.1661,236561.92919999998,248900.80156118315,3526325.1492576194,0
107,query108,12537.640380859375,17.3605,216486.6556,229024.75655787048,3526325.1492576194,0
108,query109,12787.294101715088,64.41760000000001,1573.3069,14361.061578726196,3526325.1492576194,0
109,query110,13154.975438117981,67.24069999999999,1160.5066,14315.942615129088,3526325.1492576194,0
110,query111,13443.089818954468,69.902,3471.3885999999998,16914.938995965575,3526325.1492576194,0
111,query112,13792.114067077637,62.021,2369.1344,16161.709044088746,3526325.1492576194,0
112,query113,14027.941250801086,13.0915,18148.9712,32177.373027812195,3526325.1492576194,0
113,query114,14316.004180908203,9.7648,13043.227,27359.691757919314,3526325.1492576194,0
114,query115,14706.295228004456,12.262899999999998,29562.792999999998,44269.54880501557,3526325.1492576194,0
115,query116,15117.276406288147,10.0429,2766.7136,17884.450583299255,3526325.1492576194,0
116,query117,15660.292196273804,8.9528,1635.4778000000001,17296.230573284913,3526325.1492576194,0
117,query118,16186.702013015747,7.785500000000001,1872.7965,18059.959090026856,3526325.1492576194,0
118,query119,16802.481865882874,11.316300000000002,2586.5448,19389.48724289398,3526325.1492576194,0
119,query120,17383.18350315094,7.8628,3140158.9605,3157542.604580162,3526325.1492576194,0
120,query121,17690.74501991272,8.4822,7883.0939,25574.299496923828,3526325.1492576194,0
121,query122,18237.65835762024,12.0393,3508075.4515999993,3526313.5705346307,3526325.1492576194,0
122,query123,18903.529477119446,8.3619,98108.95999999999,117012.95005413056,3526325.1492576194,0
123,query124,19460.45846939087,16.9607,17502.1604,36963.07944640198,3526325.1492576194,0
124,query125,20037.450623512268,16.8461,759.0554,20796.966600523378,3526325.1492576194,0
125,query126,20792.051315307617,16.8131,966846.8973999999,987639.4092923186,3526325.1492576194,0
126,query127,22385.159492492676,64.9309,1172.9637,23558.583769503784,3526325.1492576194,0
127,query128,23029.595708847046,67.5517,1901.0107,24931.066985858153,3526325.1492576194,0
128,query129,23645.60148715973,67.3096,2027.5635000000002,25673.625564170834,3526325.1492576194,0
129,query130,24243.13087463379,33.8235,545.3011,24788.892551644898,3526325.1492576194,0
130,query131,24708.29610824585,36.7839,9051.7384,33760.49508525696,3526325.1492576194,0
131,query132,25137.21251487732,36.500099999999996,28763.809999999998,53901.483091888425,3526325.1492576194,0
132,query133,26217.430233955383,39.4604,57554.292,83772.18281096648,3526325.1492576194,0
133,query134,27336.30015850067,30.7385,21923.8459,49260.60663551178,3526325.1492576194,0
134,query135,28454.17983531952,35.5108,536547.4757999999,565002.1162123305,3526325.1492576194,0
135,query136,29669.71321105957,35.5532,115396.83729999998,145067.0110880707,3526325.1492576194,0
136,query137,31277.95066833496,15.6758,680.6346,31959.04584534607,3526325.1492576194,0
137,query138,31884.442019462585,25.844100000000005,17393.591500000002,49278.494096473696,3526325.1492576194,0
138,query139,32800.937938690186,37.0224,2507.0877,35308.48621570129,3526325.1492576194,0
139,query140,34541.18242263794,89.5756,144940.90519999998,179482.54819964906,3526325.1492576194,0
140,query141,35573.00097942352,94.7724,104099.38739999999,139672.84895643464,3526325.1492576194,0
141,query142,37005.41880130768,86.53540000000001,102199.4317,139205.3110783188,3526325.1492576194,0
142,query143,39877.99713611603,101.2396,181546.4866,221424.94431312714,3526325.1492576194,0
143,query144,45301.843214035034,46.9053,14705.0639,60007.367691046136,3526325.1492576194,0
144,query145,47080.32076358795,71.2689,2209.9236,49290.70494059906,3526325.1492576194,0
145,query146,48354.08864021301,76.79929999999999,2954.5484,51309.09761722412,3526325.1492576194,0
