index,query_id,start_time,planning_time,execution_time,execution_start_time,workload_time,ID
0,1b,0.0,0.0,4894.02871131897,4894.559812545776,721791.899728775,4
1,1c,0.04119873046875,0.0,14359.823560714722,14360.395860671997,721791.899728775,4
2,1d,0.059032440185546875,0.0,4894.287204742432,4894.877338409424,721791.899728775,4
3,2a,0.7093906402587891,0.0,53604.81781959534,53606.0583114624,721791.899728775,4
4,2c,0.7251739501953125,0.0,53604.94575500488,53606.202030181885,721791.899728775,4
5,2b,0.7949352264404297,0.0,53606.44783973694,53607.773876190186,721791.899728775,4
6,1a,1.1298656463623047,0.0,14586.35287284851,14588.01383972168,721791.899728775,4
7,2d,2.4202823638916016,0.0,54096.28882408142,54099.24020767212,721791.899728775,4
8,3a,7.834529876708984,0.0,105087.13779449463,105095.50342559814,721791.899728775,4
9,3b,8.80880355834961,0.0,103763.87295722961,103773.21286201477,721791.899728775,4
10,3c,11.431694030761719,0.0,105253.79610061646,105265.75889587402,721791.899728775,4
11,4a,17.880964279174805,0.0,38204.98471260071,38223.39677810669,721791.899728775,4
12,4b,25.435590744018555,0.0,37911.602544784546,37937.56923675537,721791.899728775,4
13,4c,27.125930786132812,0.0,38193.74084472656,38221.3978767395,721791.899728775,4
14,5a,30.762338638305664,0.0,6373.373222351074,6404.6666622161865,721791.899728775,4
15,5b,34.911537170410156,0.0,6369.425010681152,6404.867649078369,721791.899728775,4
16,5c,39.005374908447266,0.0,64617.910861968994,64657.44733810425,721791.899728775,4
17,6a,43.373870849609375,0.0,66648.09193611145,66691.99690818787,721791.899728775,4
18,6b,47.54314422607422,0.0,77942.55475997925,77990.62900543213,721791.899728775,4
19,6c,51.787424087524414,0.0,5763.5910987854,5815.909624099731,721791.899728775,4
20,6d,55.98759651184082,0.0,105378.86428833008,105435.38298606873,721791.899728775,4
21,6e,60.530996322631836,0.0,66631.61344528198,66692.67554283142,721791.899728775,4
22,6f,64.8468017578125,0.0,105463.4895324707,105528.86743545532,721791.899728775,4
23,7a,69.43831443786621,0.0,117479.50692176819,117549.47633743286,721791.899728775,4
24,7b,73.76618385314941,0.0,85332.2566986084,85406.55398368835,721791.899728775,4
25,7c,78.35803031921387,0.0,145050.65565109253,145129.54478263855,721791.899728775,4
26,8a,82.46774673461914,0.0,82720.97787857056,82803.97672653198,721791.899728775,4
27,8b,86.78717613220215,0.0,30340.190744400024,30427.509021759033,721791.899728775,4
28,8c,91.36018753051758,0.0,83836.32445335388,83928.2157421112,721791.899728775,4
29,8d,95.7615852355957,0.0,67959.8482131958,68056.1408996582,721791.899728775,4
30,9a,99.85098838806152,0.0,69266.24522209167,69366.62731170654,721791.899728775,4
31,9b,106.13484382629395,0.0,103021.7191696167,103128.3851146698,721791.899728775,4
32,9c,5220.223760604858,0.0,72888.89398574829,78109.64884757996,721791.899728775,4
33,9d,5220.96791267395,0.0,110955.56349754333,116177.06251144409,721791.899728775,4
34,10a,5824.255323410034,0.0,77898.65865707397,83723.44508171082,721791.899728775,4
35,10b,6422.109031677246,0.0,62858.80513191223,69281.44526481628,721791.899728775,4
36,10c,6445.127964019775,0.0,61536.87415122986,67982.53321647644,721791.899728775,4
37,11a,14401.521730422974,0.0,2462.811279296875,16864.864110946655,721791.899728775,4
38,11b,14612.931632995605,0.0,974.2450714111328,15587.707805633545,721791.899728775,4
39,11c,15593.463039398193,0.0,57172.67117500305,72766.66531562805,721791.899728775,4
40,11d,16899.870014190674,0.0,55876.924896240234,72777.32601165771,721791.899728775,4
41,12a,30479.442739486694,0.0,74318.55731010437,104798.53115081787,721791.899728775,4
42,12b,37952.77352333069,0.0,1794.0808296203613,39747.38545417786,721791.899728775,4
43,12c,38235.09168624878,0.0,66685.68391799927,104921.30670547485,721791.899728775,4
44,13a,38236.25988960266,0.0,67248.83046150208,105485.62145233154,721791.899728775,4
45,13b,39796.16017341614,0.0,73934.6971988678,113731.38847351074,721791.899728775,4
46,13c,53638.645362854004,0.0,66172.33033180237,119811.50679588318,721791.899728775,4
47,13d,53638.697147369385,0.0,66628.65371704102,120267.8819656372,721791.899728775,4
48,14a,53638.79280090332,0.0,54873.22573661804,108512.54963874817,721791.899728775,4
49,14b,54132.4761390686,0.0,24152.564191818237,78285.57143211365,721791.899728775,4
50,14c,62868.42279434204,0.0,46267.52076148987,109136.47465705872,721791.899728775,4
51,15a,65518.741273880005,0.0,39474.81594085693,104994.08831596375,721791.899728775,4
52,15b,66359.69767570496,0.0,9432.04255104065,75792.27132797241,721791.899728775,4
53,15c,66582.31949806213,0.0,38919.75269317627,105502.60329246521,721791.899728775,4
54,15d,67006.667470932,0.0,38092.14177131653,105099.34034347534,721791.899728775,4
55,16a,67467.73371696472,0.0,2705.7329177856445,70173.99773597717,721791.899728775,4
56,16b,69473.40569496155,0.0,86609.91473197937,156083.85152816772,721791.899728775,4
57,16c,71330.61952590942,0.0,20630.425691604614,91961.57631874084,721791.899728775,4
58,16d,73800.3538608551,0.0,18164.346027374268,91965.23098945618,721791.899728775,4
59,17a,74320.35069465637,0.0,57618.30515861511,131939.1869544983,721791.899728775,4
60,17b,75027.72336006165,0.0,34827.88419723511,109856.13865852356,721791.899728775,4
61,17c,76983.23168754578,0.0,32652.49695777893,109636.25974655151,721791.899728775,4
62,17d,78084.96141433716,0.0,31742.927503585815,109828.42001914978,721791.899728775,4
63,17e,79854.09593582153,0.0,52648.64745140076,132503.2744884491,721791.899728775,4
64,17f,81895.45712471008,0.0,38964.25018310547,120860.23840904236,721791.899728775,4
65,18a,83832.42988586426,0.0,23358.11309814453,107191.0740852356,721791.899728775,4
66,18b,85015.34976959229,0.0,19844.64168548584,104860.52255630493,721791.899728775,4
67,18c,87921.60239219666,0.0,19778.193283081055,107700.32677650452,721791.899728775,4
68,19a,91982.24678039551,0.0,3008.857011795044,94991.63489341736,721791.899728775,4
69,19b,92664.52121734619,0.0,774.5810985565186,93439.63341712952,721791.899728775,4
70,19c,93449.60231781006,0.0,5944.807481765747,99394.94090080261,721791.899728775,4
71,19d,96025.34461021423,0.0,52824.89161491394,148850.76732635498,721791.899728775,4
72,20a,99430.32293319702,0.0,622361.576795578,721792.4308300018,721791.899728775,4
73,20b,101605.33661842346,0.0,282378.5023212433,383984.37004089355,721791.899728775,4
74,20c,102326.42798423767,0.0,291605.1034450531,393932.0625305176,721791.899728775,4
75,21a,102378.7031173706,0.0,859.4944477081299,103238.72866630554,721791.899728775,4
76,21b,102550.72870254517,0.0,425.81701278686523,102977.07681655884,721791.899728775,4
77,21c,102696.49820327759,0.0,358.7758541107178,103055.80515861511,721791.899728775,4
78,22a,102771.23374938965,0.0,6061.719703674316,108833.48455429077,721791.899728775,4
79,22b,103265.21677970886,0.0,4520.727109909058,107786.47499084473,721791.899728775,4
80,22c,103324.58682060242,0.0,12121.844482421875,115446.9624042511,721791.899728775,4
81,22d,103390.6919002533,0.0,9581.02707862854,112972.25008010864,721791.899728775,4
82,23a,104288.57593536377,0.0,1880.9320449829102,106170.03908157349,721791.899728775,4
83,23b,104478.24578285217,0.0,1671.6276168823242,106150.4045009613,721791.899728775,4
84,23c,105119.63486671448,0.0,1895.4926490783691,107015.65861701965,721791.899728775,4
85,24a,105737.26434707642,0.0,3427.96688079834,109165.76232910156,721791.899728775,4
86,24b,105941.94779396057,0.0,2144.0102100372314,108086.48910522461,721791.899728775,4
87,25a,106153.48854064941,0.0,12364.125967025757,118518.14560890198,721791.899728775,4
88,25b,106203.50694656372,0.0,8813.781070709229,115017.81911849976,721791.899728775,4
89,25c,106378.2280921936,0.0,21944.53434944153,128323.29354286194,721791.899728775,4
90,26a,106736.6810798645,0.0,19388.234758377075,126125.44693946838,721791.899728775,4
91,26b,107002.83465385437,0.0,29060.62879562378,136063.99455070496,721791.899728775,4
92,26c,107277.29649543762,0.0,309162.84222602844,416440.6698226929,721791.899728775,4
93,27a,107736.0297203064,0.0,463.4653091430664,108200.02613067627,721791.899728775,4
94,27b,108062.31865882874,0.0,463.156795501709,108526.00655555725,721791.899728775,4
95,27c,108277.00996398926,0.0,492.6511764526367,108770.1922416687,721791.899728775,4
96,28a,108368.6538696289,0.0,24600.972604751587,132970.1575756073,721791.899728775,4
97,28b,108595.55883407593,0.0,19629.304790496826,128225.39472579956,721791.899728775,4
98,28c,108738.78474235535,0.0,13556.897687911987,122296.21353149414,721791.899728775,4
99,29a,108853.53584289551,0.0,12164.19734954834,121018.26429367065,721791.899728775,4
100,29b,108960.21475791931,0.0,26341.907167434692,135302.6530265808,721791.899728775,4
101,29c,109083.3372592926,0.0,4171.80757522583,113255.67593574524,721791.899728775,4
102,30a,109449.75776672363,0.0,7591.881322860718,117042.17019081116,721791.899728775,4
103,30b,109619.7416305542,0.0,761.3806247711182,110381.65335655212,721791.899728775,4
104,30c,110226.3144493103,0.0,13913.336610794067,124140.18216133118,721791.899728775,4
105,31a,111324.39594268799,0.0,16375.139713287354,127700.06675720215,721791.899728775,4
106,31b,112064.00098800659,0.0,4464.379453659058,116528.91154289246,721791.899728775,4
107,31c,112274.43289756775,0.0,25602.39782333374,137877.3618221283,721791.899728775,4
108,32a,113092.54293441772,0.0,64.94288444519043,113158.01692008972,721791.899728775,4
109,32b,113159.84683036804,0.0,556.3289165496826,113716.70684814453,721791.899728775,4
110,33a,113439.09063339233,0.0,395.66636085510254,113835.28809547424,721791.899728775,4
111,33b,113704.48136329651,0.0,377.29506492614746,114082.30752944946,721791.899728775,4
112,33c,113874.18475151062,0.0,416.0989284515381,114290.81478118896,721791.899728775,4
