index,query_id,start_time_x,planning_time_x,execution_time_x,execution_start_time_x,workload_time_x,ID_x,start_time_y,planning_time_y,execution_time_y,execution_start_time_y,workload_time_y,ID_y,diff,diffratio,PN
0,query58,2633.5622787475586,51.487,3135018.1848999998,3137652.2077557584,3526325.1492576194,0,2786.853575706482,0.0,3509212.3292446136,3511999.975180626,3511999.18282032,1,-374194.1443446139,-1.12,False
1,query70,3684.6997499465942,74.6832,77627.8747,81313.0350269577,3526325.1492576194,0,3586.1374139785767,0.0,134325.68275928497,137912.61253356934,3511999.18282032,1,-56697.80805928497,-1.73,False
2,query136,29669.71321105957,35.5532,115396.83729999998,145067.0110880707,3526325.1492576194,0,23403.56571674347,0.0,146308.6762189865,169713.03429603577,3511999.18282032,1,-30911.838918986527,-1.27,False
3,query71,3808.0090522766113,69.74980000000001,42089.5836,45898.05322928772,3526325.1492576194,0,3645.410370826721,0.0,57373.41513633728,61019.61786746979,3511999.18282032,1,-15283.831536337282,-1.36,False
4,query133,26217.430233955383,39.4604,57554.292,83772.18281096648,3526325.1492576194,0,19207.539534568787,0.0,71107.80110359192,90316.13299846649,3511999.18282032,1,-13553.509103591918,-1.24,False
5,query68,3548.527932167053,76.6892,247658.0824,251207.07090917818,3526325.1492576194,0,3466.3822412490845,0.0,259718.56858730316,263185.74318885803,3511999.18282032,1,-12060.486187303148,-1.05,False
6,query115,14706.295228004456,12.262899999999998,29562.792999999998,44269.54880501557,3526325.1492576194,0,11224.767327308655,0.0,39453.71530056,50679.27498817444,3511999.18282032,1,-9890.92230056,-1.33,False
7,query134,27336.30015850067,30.7385,21923.8459,49260.60663551178,3526325.1492576194,0,20383.33990573883,0.0,30128.287291526794,50512.41955757141,3511999.18282032,1,-8204.441391526794,-1.37,False
8,query69,3608.038878440857,81.40209999999999,52743.54349999999,56352.04295545196,3526325.1492576194,0,3512.9162549972534,0.0,58309.58499908447,61823.29361438751,3511999.18282032,1,-5566.04149908448,-1.11,False
9,query52,2196.169352531433,33.1733,98499.2815,100695.91142954254,3526325.1492576194,0,2403.2763957977295,0.0,103588.65549564362,105992.72425174713,3511999.18282032,1,-5089.373995643618,-1.05,False
10,query113,14027.941250801086,13.0915,18148.9712,32177.373027812195,3526325.1492576194,0,10695.199608802795,0.0,22792.22493171692,33488.2169008255,3511999.18282032,1,-4643.253731716919,-1.26,False
11,query15,69.9514627456665,106.71110000000002,4225.5223,4295.9343397567745,3526325.1492576194,0,27.246904373168945,0.0,6588.941955566406,6616.981220245361,3511999.18282032,1,-2363.4196555664066,-1.56,False
12,query135,28454.17983531952,35.5108,536547.4757999999,565002.1162123305,3526325.1492576194,0,21674.439334869385,0.0,538819.0982580185,560494.3299531937,3511999.18282032,1,-2271.6224580185954,-1.0,False
13,query84,7037.740898132324,5.4155999999999995,5832.9698,12871.171275143433,3526325.1492576194,0,5881.62841796875,0.0,7775.587034225464,13658.0078125,3511999.18282032,1,-1942.617234225464,-1.33,False
14,query93,8961.434602737427,4.9893,1973.5524,10935.447579748536,3526325.1492576194,0,7099.744272232056,0.0,3720.795249938965,10821.331882476807,3511999.18282032,1,-1747.2428499389648,-1.89,False
15,query64,3217.3722743988037,41.2178,1054.8163,4272.6491514099125,3526325.1492576194,0,3228.9929628372192,0.0,2452.3712635040283,5682.156586647034,3511999.18282032,1,-1397.5549635040284,-2.32,False
16,query129,23645.60148715973,67.3096,2027.5635000000002,25673.625564170834,3526325.1492576194,0,16869.54278945923,0.0,3404.150605201721,20274.485754966736,3511999.18282032,1,-1376.587105201721,-1.68,False
17,query131,24708.29610824585,36.7839,9051.7384,33760.49508525696,3526325.1492576194,0,18224.22797679901,0.0,10420.850563049316,28645.870900154114,3511999.18282032,1,-1369.1121630493162,-1.15,False
18,query23,120.58737277984619,103.33,702.2454,823.2933497909546,3526325.1492576194,0,64.93046283721924,0.0,2045.4965353012085,2111.219358444214,3511999.18282032,1,-1343.2511353012085,-2.91,False
19,query86,7458.0825090408325,7.5665000000000004,998.4385,8456.981586051941,3526325.1492576194,0,6126.633286476135,0.0,2261.8497610092163,8389.275407791138,3511999.18282032,1,-1263.4112610092163,-2.27,False
20,query121,17690.74501991272,8.4822,7883.0939,25574.299496923828,3526325.1492576194,0,13326.914691925049,0.0,9050.724577903748,22378.431630134583,3511999.18282032,1,-1167.6306779037477,-1.15,False
21,query8,27.997708320617676,102.8703,1680.7679,1709.2261853317261,3526325.1492576194,0,2.190423011779785,0.0,2805.4980754852295,2808.4808588027954,3511999.18282032,1,-1124.7301754852294,-1.67,False
22,query1,4.095315933227539,105.57919999999999,499.3335,503.88939294433595,3526325.1492576194,0,1.4594793319702148,0.0,1619.8827028274536,1622.13454246521,3511999.18282032,1,-1120.5492028274537,-3.24,False
23,query78,5376.321172714233,40.9345,663.7954,6040.577149725342,3526325.1492576194,0,4473.053550720215,0.0,1750.4273891448975,6224.273300170898,3511999.18282032,1,-1086.6319891448975,-2.64,False
24,query10,41.01831912994385,108.51020000000001,2787.3357,2828.8145961410523,3526325.1492576194,0,13.402962684631348,0.0,3798.0613708496094,3812.256693840027,3511999.18282032,1,-1010.7256708496093,-1.36,False
25,query145,47080.32076358795,71.2689,2209.9236,49290.70494059906,3526325.1492576194,0,39235.321950912476,0.0,3154.4909954071045,42390.605306625366,3511999.18282032,1,-944.5673954071044,-1.43,False
26,query2,0.0,98.7025,2344.546,2345.006577011108,3526325.1492576194,0,1.7505168914794922,0.0,3265.9791469573975,3268.522024154663,3511999.18282032,1,-921.4331469573976,-1.39,False
27,query12,53.64077091217041,117.35799999999999,1867.5106,1921.6119479232789,3526325.1492576194,0,14.094853401184082,0.0,2729.7032833099365,2744.5904970169067,3511999.18282032,1,-862.1926833099365,-1.46,False
28,query124,19460.45846939087,16.9607,17502.1604,36963.07944640198,3526325.1492576194,0,14586.380124092102,0.0,18359.34250354767,32946.51498794556,3511999.18282032,1,-857.1821035476678,-1.05,False
29,query66,3360.799527168274,53.6476,4565.6985,7926.958604179383,3526325.1492576194,0,3351.652669906616,0.0,5344.449186325073,8696.894216537476,3511999.18282032,1,-778.7506863250728,-1.17,False
30,query16,75.70219039916992,106.81099999999999,1176.9666,1253.1293674102783,3526325.1492576194,0,32.14719295501709,0.0,1849.5190858840942,1882.4586391448975,3511999.18282032,1,-672.5524858840943,-1.57,False
31,query14,65.06147384643555,114.6276,1131.7588,1197.280850857544,3526325.1492576194,0,22.28717803955078,0.0,1791.6385412216187,1814.7180795669556,3511999.18282032,1,-659.8797412216186,-1.58,False
32,query111,13443.089818954468,69.902,3471.3885999999998,16914.938995965575,3526325.1492576194,0,10146.993160247803,0.0,4088.733172416687,14236.518692970276,3511999.18282032,1,-617.3445724166872,-1.18,False
33,query6,15.50741195678711,98.8729,1328.1643,1344.1322889678954,3526325.1492576194,0,1.5539884567260742,0.0,1944.040584564209,1946.3869333267212,3511999.18282032,1,-615.8762845642091,-1.46,False
34,query24,125.99334716796875,99.2536,1128.6921,1255.1460241790771,3526325.1492576194,0,69.84891891479492,0.0,1737.7099752426147,1808.3512544631958,3511999.18282032,1,-609.0178752426148,-1.54,False
35,query13,59.375929832458496,115.2456,1230.5084,1290.3449068435668,3526325.1492576194,0,17.906832695007324,0.0,1808.396291732788,1827.0954847335815,3511999.18282032,1,-577.8878917327881,-1.47,False
36,query128,23029.595708847046,67.5517,1901.0107,24931.066985858153,3526325.1492576194,0,16556.854915618896,0.0,2468.3091163635254,19025.956392288208,3511999.18282032,1,-567.2984163635253,-1.3,False
37,query72,3929.6797275543213,85.724,3663.3188,7593.459104565431,3526325.1492576194,0,3688.82954120636,0.0,4223.810648918152,7913.432550430298,3511999.18282032,1,-560.4918489181518,-1.15,False
38,query94,9155.651783943176,4.8077,2417.2779,11573.390260954284,3526325.1492576194,0,7259.219264984131,0.0,2944.079351425171,10204.090976715088,3511999.18282032,1,-526.8014514251709,-1.22,False
39,query110,13154.975438117981,67.24069999999999,1160.5066,14315.942615129088,3526325.1492576194,0,9985.369205474854,0.0,1662.0546340942383,11648.216199874878,3511999.18282032,1,-501.54803409423835,-1.43,False
40,query7,22.07956314086914,103.22740000000002,1317.3175999999999,1339.8577401519774,3526325.1492576194,0,0.9886503219604492,0.0,1791.0788774490356,1792.8598880767822,3511999.18282032,1,-473.7612774490358,-1.36,False
41,query25,132.13930130004883,107.2082,3214.7653999999998,3347.3652783111575,3526325.1492576194,0,74.33407306671143,0.0,3652.2682905197144,3727.394723892212,3511999.18282032,1,-437.5028905197146,-1.14,False
42,query127,22385.159492492676,64.9309,1172.9637,23558.583769503784,3526325.1492576194,0,16188.970303535461,0.0,1606.9592237472534,17796.7218875885,3511999.18282032,1,-433.9955237472534,-1.37,False
43,query9,35.64465045928955,107.9731,2317.5888999999997,2353.6941274703977,3526325.1492576194,0,2.6353836059570312,0.0,2723.953127861023,2727.380871772766,3511999.18282032,1,-406.3642278610232,-1.18,False
44,query19,98.39692115783691,106.37010000000001,1305.6358,1404.4932981689453,3526325.1492576194,0,46.72248363494873,0.0,1682.259202003479,1729.7740459442139,3511999.18282032,1,-376.623402003479,-1.29,False
45,query11,46.97766304016113,107.56089999999999,2019.5201000000002,2066.9583400512697,3526325.1492576194,0,10.699701309204102,0.0,2373.7282752990723,2385.2203369140625,3511999.18282032,1,-354.2081752990721,-1.18,False
46,query20,103.35302352905273,104.8098,2320.9862000000003,2424.7998005401614,3526325.1492576194,0,50.957536697387695,0.0,2668.85769367218,2720.607590675354,3511999.18282032,1,-347.8714936721799,-1.15,False
47,query21,108.94906520843506,113.16929999999999,1906.3788,2015.7884422195434,3526325.1492576194,0,55.408453941345215,0.0,2234.856081008911,2291.0568952560425,3511999.18282032,1,-328.4772810089112,-1.17,False
48,query17,81.04367256164551,112.42439999999999,1214.4557,1295.9599495727539,3526325.1492576194,0,36.40091419219971,0.0,1537.6550436019897,1574.8483180999756,3511999.18282032,1,-323.19934360198977,-1.27,False
49,query109,12787.294101715088,64.41760000000001,1573.3069,14361.061578726196,3526325.1492576194,0,9848.237299919128,0.0,1878.1458377838135,11727.175498008728,3511999.18282032,1,-304.83893778381344,-1.19,False
50,query27,144.64268684387207,92.87780000000001,1674.9991999999997,1820.1024638549802,3526325.1492576194,0,83.71176719665527,0.0,1979.5843601226807,2064.088487625122,3511999.18282032,1,-304.5851601226809,-1.18,False
51,query106,12142.490100860596,15.081800000000001,8029.5724,20172.5230778717,3526325.1492576194,0,9445.136880874634,0.0,8322.75755405426,17768.68679523468,3511999.18282032,1,-293.18515405426024,-1.04,False
52,query61,2882.8086137771606,46.973699999999994,845.0496999999999,3728.3188907882695,3526325.1492576194,0,2996.2979793548584,0.0,1125.7737874984741,4122.864127159119,3511999.18282032,1,-280.7240874984742,-1.33,False
53,query62,2985.355067253113,44.708999999999996,256.1352,3241.950844264221,3526325.1492576194,0,3074.100089073181,0.0,514.5673274993896,3589.459776878357,3511999.18282032,1,-258.43212749938965,-2.01,False
54,query73,4142.13707447052,73.2989,1660.6133000000002,5803.210951481628,3526325.1492576194,0,3746.6882705688477,0.0,1909.0802431106567,5656.5608739852905,3511999.18282032,1,-248.46694311065653,-1.15,False
55,query18,86.4436388015747,108.74859999999998,2246.349,2333.2532158126833,3526325.1492576194,0,41.07348918914795,0.0,2492.134213447571,2534.000062942505,3511999.18282032,1,-245.78521344757064,-1.11,False
56,query26,138.01031112670898,89.6505,1607.2486000000001,1745.7194881378175,3526325.1492576194,0,78.82285118103027,0.0,1833.8761568069458,1913.4913682937622,3511999.18282032,1,-226.62755680694568,-1.14,False
57,query75,4517.410898208618,36.8451,4710.4318,9228.303275219727,3526325.1492576194,0,3955.2916765213013,0.0,4919.485926628113,8875.5699634552,3511999.18282032,1,-209.0541266281125,-1.04,False
58,query65,3270.7218170166016,47.6259,445.9557,3717.13809402771,3526325.1492576194,0,3281.5521478652954,0.0,638.850212097168,3921.1947202682495,3511999.18282032,1,-192.894512097168,-1.43,False
59,query118,16186.702013015747,7.785500000000001,1872.7965,18059.959090026856,3526325.1492576194,0,12176.915884017944,0.0,2034.9390506744385,14212.647294998169,3511999.18282032,1,-162.14255067443855,-1.09,False
60,query46,1835.9178066253662,72.7979,1564.7540000000001,3401.1323836364745,3526325.1492576194,0,2120.909285545349,0.0,1710.9495639801025,3832.651209831238,3511999.18282032,1,-146.1955639801024,-1.09,False
61,query95,9330.380249023438,29.0063,3836.4945999999995,13167.335426034546,3526325.1492576194,0,7393.638348579407,0.0,3972.36328125,11366.793990135193,3511999.18282032,1,-135.86868125000046,-1.04,False
62,query87,7771.06397151947,3.6268000000000002,669.7373,8441.261848530577,3526325.1492576194,0,6282.432246208191,0.0,792.2133922576904,7075.4379987716675,3511999.18282032,1,-122.47609225769042,-1.18,False
63,query117,15660.292196273804,8.9528,1635.4778000000001,17296.230573284913,3526325.1492576194,0,11695.24610042572,0.0,1738.1009101867676,13434.139370918274,3511999.18282032,1,-102.62311018676746,-1.06,False
64,query4,4.230022430419922,111.9387,3773.3144,3778.0049994415285,3526325.1492576194,0,1.295638084411621,0.0,3874.815607070923,3876.9036054611206,3511999.18282032,1,-101.50120707092265,-1.03,False
65,query3,0.9502649307250977,112.36189999999999,3959.4801999999995,3960.891041941833,3526325.1492576194,0,1.5639781951904297,0.0,4055.400323867798,4057.7566623687744,3511999.18282032,1,-95.92012386779834,-1.02,False
66,query76,4702.27198600769,42.2479,2344.1276,7046.860163018799,3526325.1492576194,0,4091.037678718567,0.0,2435.1510763168335,6526.9811153411865,3511999.18282032,1,-91.0234763168337,-1.04,False
67,query116,15117.276406288147,10.0429,2766.7136,17884.450583299255,3526325.1492576194,0,11495.42601108551,0.0,2856.478691101074,14352.69706249237,3511999.18282032,1,-89.76509110107418,-1.03,False
68,query67,3446.723484992981,54.5991,154.3432,3601.5272620040896,3526325.1492576194,0,3415.399217605591,0.0,238.2690191268921,3654.460597038269,3511999.18282032,1,-83.9258191268921,-1.54,False
69,query54,2373.283290863037,19.6935,128.0366,2501.7804678741454,3526325.1492576194,0,2554.0136575698853,0.0,186.41769886016846,2741.22371673584,3511999.18282032,1,-58.381098860168464,-1.46,False
70,query130,24243.13087463379,33.8235,545.3011,24788.892551644898,3526325.1492576194,0,17876.365399360657,0.0,602.1879196166992,18479.345679283142,3511999.18282032,1,-56.8868196166992,-1.1,False
71,query63,3116.8882608413696,40.3428,226.45209999999997,3343.800937852478,3526325.1492576194,0,3142.253804206848,0.0,277.0968437194824,3420.1430082321167,3511999.18282032,1,-50.64474371948245,-1.22,False
72,query125,20037.450623512268,16.8461,759.0554,20796.966600523378,3526325.1492576194,0,15218.692874908447,0.0,809.3518972396851,16028.837132453918,3511999.18282032,1,-50.296497239685095,-1.07,False
73,query50,2070.366144180298,37.7144,3234.7311999999997,5305.557921191406,3526325.1492576194,0,2295.2396631240845,0.0,3284.347438812256,5580.3794622421265,3511999.18282032,1,-49.61623881225614,-1.02,False
74,query40,1557.8797101974487,6.8447000000000005,441.29679999999996,1999.6370872085572,3526325.1492576194,0,1843.0777311325073,0.0,471.8066215515137,2315.676712989807,3511999.18282032,1,-30.50982155151371,-1.07,False
75,query55,2468.1991815567017,12.389,53.501099999999994,2522.16085856781,3526325.1492576194,0,2628.4688234329224,0.0,79.96068000793457,2709.221863746643,3511999.18282032,1,-26.459580007934576,-1.49,False
76,query96,9546.649289131165,30.061,2899.5033,12446.613166142273,3526325.1492576194,0,7560.563850402832,0.0,2924.501872062683,10485.858082771301,3511999.18282032,1,-24.99857206268325,-1.01,False
77,query85,7225.977087020874,4.9902999999999995,26532.5229,33758.96056403198,3526325.1492576194,0,5995.411038398743,0.0,26553.4428358078,32549.64623451233,3511999.18282032,1,-20.919935807800357,-1.0,False
78,query41,1616.9503450393677,7.5,157.6728,1775.083722050476,3526325.1492576194,0,1868.0344820022583,0.0,176.5660047531128,2045.3928470611572,3511999.18282032,1,-18.893204753112798,-1.12,False
79,query48,1953.3542394638062,39.613299999999995,635.3303,2589.1451164749146,3526325.1492576194,0,2179.8995971679688,0.0,621.2222099304199,2801.914167404175,3511999.18282032,1,14.108090069580044,1.02,True
80,query89,8171.659708023071,3.4265,1052.9567,9225.076985034179,3526325.1492576194,0,6533.240985870361,0.0,1019.1602945327759,7553.193640708923,3511999.18282032,1,33.796405467224076,1.03,True
81,query92,8703.716087341309,1.7609,999.8735,9704.050164352417,3526325.1492576194,0,6887.174963951111,0.0,960.7357025146484,7848.703026771545,3511999.18282032,1,39.1377974853516,1.04,True
82,query36,1345.7229375839233,18.1943,544.9467000000001,1891.1302145950317,3526325.1492576194,0,1765.323281288147,0.0,499.1546392440796,2265.2702808380127,3511999.18282032,1,45.79206075592049,1.09,True
83,query45,1788.902235031128,16.804499999999997,1250.4054,3039.7682120422364,3526325.1492576194,0,2060.5323553085327,0.0,1204.2537212371826,3265.5784368515015,3511999.18282032,1,46.15167876281748,1.04,True
84,query146,48354.08864021301,76.79929999999999,2954.5484,51309.09761722412,3526325.1492576194,0,41287.47968673706,0.0,2895.696496963501,44183.96854400635,3511999.18282032,1,58.85190303649915,1.02,True
85,query90,8346.942162513733,2.9773,1357.999,9705.401739524841,3526325.1492576194,0,6644.5966720581055,0.0,1295.5145120620728,7940.903544425964,3511999.18282032,1,62.48448793792727,1.05,True
86,query88,7970.928359031677,3.9369,5555.0136,13526.402536042786,3526325.1492576194,0,6383.648633956909,0.0,5429.429507255554,11813.87050151825,3511999.18282032,1,125.58409274444602,1.02,True
87,query100,10606.518697738647,7.519800000000001,936.5896,11543.568874749757,3526325.1492576194,0,8376.850199699402,0.0,800.9750604629517,9178.61762046814,3511999.18282032,1,135.61453953704836,1.17,True
88,query101,10905.466055870056,8.0533,1319.5902,12225.516832881165,3526325.1492576194,0,8552.319955825806,0.0,1164.8853540420532,9717.997670173645,3511999.18282032,1,154.70484595794687,1.13,True
89,query60,2809.6038579940796,46.9189,7431.6053,10241.669735005187,3526325.1492576194,0,2941.3978099823,0.0,7270.69354057312,10212.883710861206,3511999.18282032,1,160.91175942688005,1.02,True
90,query42,1646.0041522979736,8.7018,2107.2354,3753.700129309082,3526325.1492576194,0,1922.5619077682495,0.0,1944.7336673736572,3868.087935447693,3511999.18282032,1,162.5017326263428,1.08,True
91,query137,31277.95066833496,15.6758,680.6346,31959.04584534607,3526325.1492576194,0,25151.56626701355,0.0,504.12352085113525,25656.48214817047,3511999.18282032,1,176.51107914886472,1.35,True
92,query119,16802.481865882874,11.316300000000002,2586.5448,19389.48724289398,3526325.1492576194,0,12527.071952819824,0.0,2398.045325279236,14925.909638404846,3511999.18282032,1,188.49947472076428,1.08,True
93,query108,12537.640380859375,17.3605,216486.6556,229024.75655787048,3526325.1492576194,0,9719.090867042542,0.0,216288.55686187744,226008.44008922577,3511999.18282032,1,198.09873812255682,1.0,True
94,query33,685.1366281509399,15.465,1512.4028999999998,2198.0001051620484,3526325.1492576194,0,1431.157398223877,0.0,1309.0369701385498,2740.986728668213,3511999.18282032,1,203.36592986145,1.16,True
95,query53,2291.915249824524,21.600900000000003,1500.9896,3793.365426835632,3526325.1492576194,0,2498.685884475708,0.0,1293.5473918914795,3793.0256366729736,3511999.18282032,1,207.44220810852062,1.16,True
96,query112,13792.114067077637,62.021,2369.1344,16161.709044088746,3526325.1492576194,0,10452.73060798645,0.0,2158.2263708114624,12611.749339103699,3511999.18282032,1,210.9080291885375,1.1,True
97,query139,32800.937938690186,37.0224,2507.0877,35308.48621570129,3526325.1492576194,0,26356.006717681885,0.0,2294.459104537964,28651.258182525635,3511999.18282032,1,212.62859546203617,1.09,True
98,query5,9.685659408569336,109.269,2831.0555,2841.2017364196777,3526325.1492576194,0,0.0,0.0,2561.412572860718,2562.204933166504,3511999.18282032,1,269.64292713928216,1.11,True
99,query80,5786.9136571884155,3.5665999999999998,1654.9575,7442.331734199523,3526325.1492576194,0,4876.3831615448,0.0,1366.9484853744507,6244.124007225037,3511999.18282032,1,288.0090146255493,1.21,True
100,query102,11159.1078042984,5.0073,2289.6264,13449.194781309508,3526325.1492576194,0,8781.294894218445,0.0,1972.3933935165405,10754.480648040771,3511999.18282032,1,317.2330064834596,1.16,True
101,query83,6570.877242088318,3.4283,1720.1794000000002,8291.517219099425,3526325.1492576194,0,5638.664293289185,0.0,1396.2219715118408,7035.6786251068115,3511999.18282032,1,323.9574284881594,1.23,True
102,query79,5487.130403518677,46.6109,3892.397,9379.987980529786,3526325.1492576194,0,4646.87716960907,0.0,3532.9845666885376,8180.654096603394,3511999.18282032,1,359.41243331146234,1.1,True
103,query37,1392.8894519805908,56.518600000000006,4171.8307,5565.1807289917,3526325.1492576194,0,1768.5600280761719,0.0,3795.6249952316284,5564.977383613586,3511999.18282032,1,376.205704768372,1.1,True
104,query99,10405.322813987732,18.903200000000002,1788.902,12194.68539099884,3526325.1492576194,0,8128.054356575012,0.0,1237.2458696365356,9366.092586517334,3511999.18282032,1,551.6561303634644,1.45,True
105,query59,2757.046890258789,61.55989999999999,61388.6333,64146.1407672699,3526325.1492576194,0,2843.3202981948853,0.0,60823.45509529114,63667.56775379181,3511999.18282032,1,565.1782047088636,1.01,True
106,query49,2030.1059484481812,36.8695,13322.8576,15353.424125459289,3526325.1492576194,0,2231.936764717102,0.0,12603.634095191956,14836.363220214844,3511999.18282032,1,719.2235048080438,1.06,True
107,query82,6239.898419380188,4.7094000000000005,1805.0816,8045.440596391297,3526325.1492576194,0,5420.588541030884,0.0,1011.3019227981567,6432.682824134827,3511999.18282032,1,793.7796772018432,1.78,True
108,query44,1732.972502708435,14.7085,4888.8688,6622.301879719543,3526325.1492576194,0,1999.9083757400513,0.0,4075.881004333496,6076.5817403793335,3511999.18282032,1,812.9877956665041,1.2,True
109,query132,25137.21251487732,36.500099999999996,28763.809999999998,53901.483091888425,3526325.1492576194,0,18530.560421943665,0.0,27942.37678050995,46473.7295627594,3511999.18282032,1,821.4332194900489,1.03,True
110,query114,14316.004180908203,9.7648,13043.227,27359.691757919314,3526325.1492576194,0,10940.916514396667,0.0,12048.8130569458,22990.521931648254,3511999.18282032,1,994.4139430542,1.08,True
111,query138,31884.442019462585,25.844100000000005,17393.591500000002,49278.494096473696,3526325.1492576194,0,25572.385597229004,0.0,16373.402690887451,41946.58064842224,3511999.18282032,1,1020.1888091125511,1.06,True
112,query81,5968.91622543335,3.8082000000000003,1884.3054,7853.682202444458,3526325.1492576194,0,5218.08488368988,0.0,794.8657512664795,6013.742995262146,3511999.18282032,1,1089.4396487335205,2.37,True
113,query91,8507.28874206543,3.6536999999999997,3146.483,11654.232319076538,3526325.1492576194,0,6747.634434700012,0.0,2023.5704183578491,8771.997213363647,3511999.18282032,1,1122.912581642151,1.55,True
114,query104,11616.694808006287,12.5529,38981.9399,50599.09528501739,3526325.1492576194,0,9128.200674057007,0.0,37767.294335365295,46896.28736972809,3511999.18282032,1,1214.6455646347022,1.03,True
115,query29,155.71513175964355,72.2307,4774.445900000001,4930.621608770753,3526325.1492576194,0,93.33949089050293,0.0,3508.554530143738,3602.686381340027,3511999.18282032,1,1265.8913698562628,1.36,True
116,query22,114.22591209411621,107.9272,4666.795,4781.481489105225,3526325.1492576194,0,60.10620594024658,0.0,3368.4975147247314,3429.396080970764,3511999.18282032,1,1298.2974852752686,1.39,True
117,query98,9992.27318763733,23.7419,30722.213300000003,40714.94706464844,3526325.1492576194,0,7852.361702919006,0.0,29290.75572490692,37143.909788131714,3511999.18282032,1,1431.4575750930817,1.05,True
118,query31,168.4326171875,69.9461,10244.287699999999,10413.180894198607,3526325.1492576194,0,105.59773445129395,0.0,8756.165432929993,8862.555527687073,3511999.18282032,1,1488.1222670700063,1.17,True
119,query103,11406.420350074768,18.9618,2581.5986000000003,13988.479527085878,3526325.1492576194,0,9001.663970947266,0.0,1040.4491901397705,10042.905521392822,3511999.18282032,1,1541.1494098602298,2.48,True
120,query144,45301.843214035034,46.9053,14705.0639,60007.367691046136,3526325.1492576194,0,36236.78731918335,0.0,12762.226510047913,48999.80618953705,3511999.18282032,1,1942.8373899520866,1.15,True
121,query39,1497.8005647659302,16.1613,6384.1152,7882.376341777039,3526325.1492576194,0,1818.9857006072998,0.0,4430.138969421387,6249.917030334473,3511999.18282032,1,1953.9762305786135,1.44,True
122,query35,1310.689401626587,19.2607,11853.1206,13164.270578637696,3526325.1492576194,0,1749.887752532959,0.0,9530.078387260437,11280.758500099182,3511999.18282032,1,2323.042212739563,1.24,True
123,query77,5029.197430610657,42.7565,16295.2057,21324.863707621764,3526325.1492576194,0,4251.7316818237305,0.0,13859.880495071411,18112.404537200928,3511999.18282032,1,2435.3252049285893,1.18,True
124,query32,174.16439056396484,71.1151,54827.7063,55002.33126757507,3526325.1492576194,0,109.1693639755249,0.0,51990.910482406616,52100.87220668793,3511999.18282032,1,2836.795817593382,1.05,True
125,query97,9720.482873916626,14.7407,38084.0978,47805.04125092774,3526325.1492576194,0,7744.910311698914,0.0,34639.58451747894,42385.28718948364,3511999.18282032,1,3444.5132825210603,1.1,True
126,query38,1436.8995428085327,17.8861,41052.2367,42489.59681981964,3526325.1492576194,0,1794.9317455291748,0.0,37261.35325431824,39057.0773601532,3511999.18282032,1,3790.883445681764,1.1,True
127,query43,1684.5052003860474,14.0173,5551.1375,7236.103277397156,3526325.1492576194,0,1961.2735748291016,0.0,1312.9175186157227,3274.9834537506104,3511999.18282032,1,4238.219981384277,4.23,True
128,query51,2130.144429206848,38.5225,85054.443,87185.04800621796,3526325.1492576194,0,2337.1721267700195,0.0,80784.59231853485,83122.55680561066,3511999.18282032,1,4269.850681465148,1.05,True
129,query142,37005.41880130768,86.53540000000001,102199.4317,139205.3110783188,3526325.1492576194,0,30494.842100143433,0.0,97478.64007949829,127974.27453994751,3511999.18282032,1,4720.79162050171,1.05,True
130,query47,1879.7858953475952,45.207100000000004,42320.3385,44200.5849723587,3526325.1492576194,0,2153.91309261322,0.0,37009.992599487305,39164.69805240631,3511999.18282032,1,5310.345900512693,1.14,True
131,query123,18903.529477119446,8.3619,98108.95999999999,117012.95005413056,3526325.1492576194,0,14069.065070152283,0.0,89309.70511436462,103379.5625448227,3511999.18282032,1,8799.254885635368,1.1,True
132,query141,35573.00097942352,94.7724,104099.38739999999,139672.84895643464,3526325.1492576194,0,28642.528533935547,0.0,94208.42237472534,122851.74326896667,3511999.18282032,1,9890.96502527465,1.1,True
133,query28,150.47390460968018,78.4123,14753.496599999999,14904.431081620787,3526325.1492576194,0,88.11099529266357,0.0,2958.1316709518433,3047.035026550293,3511999.18282032,1,11795.364929048155,4.99,True
134,query56,2507.1149110794067,14.9372,17176.2546,19683.830088090515,3526325.1492576194,0,2691.754150390625,0.0,869.8670864105225,3562.4135971069336,3511999.18282032,1,16306.387513589478,19.75,True
135,query105,11789.209818840027,11.6994,93391.4685,105181.13889585114,3526325.1492576194,0,9285.517954826355,0.0,73302.18939781189,82588.49971294403,3511999.18282032,1,20089.279102188113,1.27,True
136,query74,4312.532949447632,43.7552,24768.8105,29081.80402645874,3526325.1492576194,0,3800.378632545471,0.0,2650.7488012313843,6451.919794082642,3511999.18282032,1,22118.061698768615,9.34,True
137,query30,161.41226291656494,72.49510000000001,223131.15640000004,223293.0292399277,3526325.1492576194,0,97.61264324188232,0.0,196088.78831863403,196187.1933221817,3511999.18282032,1,27042.368081366003,1.14,True
138,query107,12338.411784172058,15.1661,236561.92919999998,248900.80156118315,3526325.1492576194,0,9566.774368286133,0.0,207615.3641462326,217182.93087482452,3511999.18282032,1,28946.56505376738,1.14,True
139,query34,1287.2518062591553,18.1249,225611.7639,226899.47628327025,3526325.1492576194,0,1746.5458393096924,0.0,195249.1896390915,196996.52783870697,3511999.18282032,1,30362.5742609085,1.16,True
140,query140,34541.18242263794,89.5756,144940.90519999998,179482.54819964906,3526325.1492576194,0,27584.00101661682,0.0,101527.43330001831,129112.22667694092,3511999.18282032,1,43413.47189998167,1.43,True
141,query143,39877.99713611603,101.2396,181546.4866,221424.94431312714,3526325.1492576194,0,33475.70152282715,0.0,110064.73546028137,143541.2293434143,3511999.18282032,1,71481.75113971863,1.65,True
142,query57,2586.7751121520996,21.9,86519.81019999999,89107.0458891632,3526325.1492576194,0,2726.841425895691,0.0,331.8850517272949,3059.518837928772,3511999.18282032,1,86187.9251482727,260.69,True
143,query120,17383.18350315094,7.8628,3140158.9605,3157542.604580162,3526325.1492576194,0,12956.937074661255,0.0,2893501.765370369,2906459.494805336,3511999.18282032,1,246657.1951296311,1.09,True
144,query122,18237.65835762024,12.0393,3508075.4515999993,3526313.5705346307,3526325.1492576194,0,13726.30307674408,0.0,3221443.706011772,3235170.801448822,3511999.18282032,1,286631.7455882272,1.09,True
145,query126,20792.051315307617,16.8131,966846.8973999999,987639.4092923186,3526325.1492576194,0,15627.046847343445,0.0,1090.836238861084,16718.675446510315,3511999.18282032,1,965756.0611611388,886.34,True
