index,query_id,start_time,planning_time,execution_time,execution_start_time,workload_time,ID
0,2d,0.0,0.0,58676.77879333496,58676.77879333496,6237339.1069417875,6
1,2c,0.1475811004638672,0.0,58674.3221282959,58674.46970939636,6237339.1069417875,6
2,2b,0.38743019104003906,0.0,58674.668073654175,58675.055503845215,6237339.1069417875,6
3,2a,0.4165172576904297,0.0,58674.58486557007,58675.00138282776,6237339.1069417875,6
4,3b,0.9357929229736328,0.0,97397.3240852356,97398.25987815857,6237339.1069417875,6
5,1b,3.5903453826904297,0.0,5057.089805603027,5060.680150985718,6237339.1069417875,6
6,1d,3.750324249267578,0.0,5057.51371383667,5061.2640380859375,6237339.1069417875,6
7,1a,3.770112991333008,0.0,13941.797256469728,13945.567369461061,6237339.1069417875,6
8,1c,3.8220882415771484,0.0,11875.479936599731,11879.302024841309,6237339.1069417875,6
9,4a,9.343624114990234,0.0,45696.42734527588,45705.77096939087,6237339.1069417875,6
10,4b,9.464740753173828,0.0,45696.70915603638,45706.17389678955,6237339.1069417875,6
11,3a,9.526729583740234,0.0,97539.14332389832,97548.67005348206,6237339.1069417875,6
12,3c,9.623289108276367,0.0,97783.56719017027,97793.19047927855,6237339.1069417875,6
13,4c,9.670019149780273,0.0,45695.2850818634,45704.95510101318,6237339.1069417875,6
14,5a,9.697914123535156,0.0,6451.955556869507,6461.653470993042,6237339.1069417875,6
15,5b,13.5650634765625,0.0,6447.734594345093,6461.299657821655,6237339.1069417875,6
16,5c,17.081499099731445,0.0,65990.11898040771,66007.20047950745,6237339.1069417875,6
17,6a,20.676612854003906,0.0,64741.68276786804,64762.359380722046,6237339.1069417875,6
18,6b,24.360179901123047,0.0,82014.0483379364,82038.40851783752,6237339.1069417875,6
19,6c,28.321266174316406,0.0,5800.450325012207,5828.771591186523,6237339.1069417875,6
20,6d,32.49859809875488,0.0,105309.42726135254,105341.9258594513,6237339.1069417875,6
21,6e,36.06772422790527,0.0,64726.22561454773,64762.293338775635,6237339.1069417875,6
22,6f,39.89601135253906,0.0,105382.56096839903,105422.45697975157,6237339.1069417875,6
23,7a,43.55263710021973,0.0,111668.67518424988,111712.2278213501,6237339.1069417875,6
24,7b,48.1417179107666,0.0,83410.46810150146,83458.60981941223,6237339.1069417875,6
25,7c,51.29671096801758,0.0,154006.99734687805,154058.29405784607,6237339.1069417875,6
26,8a,54.967641830444336,0.0,82229.47120666504,82284.43884849548,6237339.1069417875,6
27,8b,59.07607078552246,0.0,29350.853204727173,29409.929275512695,6237339.1069417875,6
28,8c,63.132286071777344,0.0,85592.22507476807,85655.35736083984,6237339.1069417875,6
29,8d,67.97266006469727,0.0,64690.38724899292,64758.35990905762,6237339.1069417875,6
30,9a,72.12066650390625,0.0,63337.72015571594,63409.84082221985,6237339.1069417875,6
31,9b,75.71077346801758,0.0,101618.64805221558,101694.3588256836,6237339.1069417875,6
32,9c,5118.760824203491,0.0,62895.31707763672,68014.07790184021,6237339.1069417875,6
33,9d,5192.739009857178,0.0,119319.2012310028,124511.94024085997,6237339.1069417875,6
34,10a,5859.774827957153,0.0,77828.12428474426,83687.89911270142,6237339.1069417875,6
35,10b,6482.758283615112,0.0,60303.03740501404,66785.79568862915,6237339.1069417875,6
36,10c,6482.779502868652,0.0,58923.14410209656,65405.92360496521,6237339.1069417875,6
37,11a,11917.110443115234,0.0,3020.1210975646973,14937.231540679932,6237339.1069417875,6
38,11b,13991.509675979614,0.0,70.07479667663574,14061.58447265625,6237339.1069417875,6
39,11c,14071.417331695557,0.0,65692.2378540039,79763.65518569946,6237339.1069417875,6
40,11d,14941.804647445679,0.0,64817.80529022217,79759.60993766785,6237339.1069417875,6
41,12a,29425.82106590271,0.0,68085.7527256012,97511.5737915039,6237339.1069417875,6
42,12b,45746.15263938904,0.0,1458.2374095916748,47204.39004898071,6237339.1069417875,6
43,12c,45746.17671966553,0.0,51833.56976509094,97579.74648475647,6237339.1069417875,6
44,13a,45746.262311935425,0.0,51824.30362701416,97570.56593894958,6237339.1069417875,6
45,13b,47220.327854156494,0.0,50423.44379425049,97643.77164840698,6237339.1069417875,6
46,13c,58734.856367111206,0.0,49919.73280906677,108654.58917617798,6237339.1069417875,6
47,14b,58735.00967025757,0.0,23927.70099639893,82662.7106666565,6237339.1069417875,6
48,14a,58735.04710197449,0.0,43424.39651489258,102159.44361686707,6237339.1069417875,6
49,13d,58735.122203826904,0.0,51244.20523643494,109979.32744026184,6237339.1069417875,6
50,14c,63460.61658859253,0.0,39230.22222518921,102690.83881378174,6237339.1069417875,6
51,15a,64866.39499664307,0.0,32748.32582473755,97614.72082138062,6237339.1069417875,6
52,15b,64866.52755737305,0.0,9940.788507461548,74807.3160648346,6237339.1069417875,6
53,15c,64866.57452583313,0.0,32796.112060546875,97662.68658638,6237339.1069417875,6
54,15d,65410.614013671875,0.0,33707.92508125305,99118.53909492493,6237339.1069417875,6
55,16a,66011.79647445679,0.0,3038.670301437378,69050.46677589417,6237339.1069417875,6
56,16b,66809.34643745422,0.0,99185.11724472046,165994.46368217468,6237339.1069417875,6
57,16c,68089.36333656311,0.0,22940.727949142456,91030.09128570557,6237339.1069417875,6
58,16d,69066.49470329285,0.0,21954.18262481689,91020.67732810974,6237339.1069417875,6
59,17a,74895.15995979309,0.0,61078.174352645874,135973.33431243896,6237339.1069417875,6
60,17c,79775.29740333557,0.0,28596.62652015686,108371.92392349243,6237339.1069417875,6
61,17b,79775.34008026123,0.0,28688.43460083008,108463.77468109131,6237339.1069417875,6
62,17d,82066.7200088501,0.0,25977.153062820435,108043.87307167053,6237339.1069417875,6
63,17e,82301.03945732117,0.0,54923.75636100769,137224.79581832886,6237339.1069417875,6
64,17f,82667.28353500366,0.0,37449.45955276489,120116.74308776855,6237339.1069417875,6
65,18a,83558.22682380676,0.0,18236.94944381714,101795.1762676239,6237339.1069417875,6
66,18b,83712.52226829529,0.0,13753.902673721312,97466.4249420166,6237339.1069417875,6
67,18c,85701.11584663391,0.0,17001.067876815796,102702.1837234497,6237339.1069417875,6
68,19a,91049.77869987488,0.0,1399.9242782592771,92449.70297813416,6237339.1069417875,6
69,19b,91049.8468875885,0.0,1143.687725067139,92193.53461265564,6237339.1069417875,6
70,19c,92238.42167854309,0.0,4171.523571014404,96409.9452495575,6237339.1069417875,6
71,19d,92489.91298675537,0.0,179709.38563346863,272199.298620224,6237339.1069417875,6
72,20a,96444.29278373718,0.0,61628.97658348084,158073.26936721802,6237339.1069417875,6
73,20b,97410.01892089844,0.0,61000.62823295593,158410.64715385437,6237339.1069417875,6
74,20c,97478.61361503601,0.0,307552.91223526,405031.525850296,6237339.1069417875,6
75,21a,97524.33037757874,0.0,771.5015411376953,98295.83191871643,6237339.1069417875,6
76,21b,97562.71409988403,0.0,708.1320285797119,98270.84612846375,6237339.1069417875,6
77,21c,97575.4337310791,0.0,1292.2394275665283,98867.67315864563,6237339.1069417875,6
78,22a,97584.75613594055,0.0,32306.452751159668,129891.20888710022,6237339.1069417875,6
79,22b,97620.05686759949,0.0,25612.31279373169,123232.36966133118,6237339.1069417875,6
80,22c,97648.77271652222,0.0,44550.3032207489,142199.07593727112,6237339.1069417875,6
81,22d,97667.25611686707,0.0,59273.7889289856,156941.04504585266,6237339.1069417875,6
82,28c,97799.28994178772,342.119,6139197.698,6236996.987941788,6237339.1069417875,6
83,33a,97799.28994178772,364.389,6045445.55,6143244.8399417875,6237339.1069417875,6
84,33c,97799.28994178772,419.578,6046597.694,6144396.983941788,6237339.1069417875,6
85,23a,97799.28994178772,0.0,6045257.166624069,6143056.456565857,6237339.1069417875,6
86,28b,97799.28994178772,354.589,6086731.354,6184530.643941788,6237339.1069417875,6
87,23c,97799.28994178772,203.248,6047863.678,6145662.967941788,6237339.1069417875,6
88,23b,98277.82940864563,0.0,12044.028759002686,110321.85816764832,6237339.1069417875,6
89,24a,98874.5048046112,0.0,3134.8893642425537,102009.39416885376,6237339.1069417875,6
90,24b,99125.58960914612,0.0,1784.44242477417,100910.03203392029,6237339.1069417875,6
91,25a,100936.08903884888,0.0,13927.692651748655,114863.78169059753,6237339.1069417875,6
92,25b,101701.83324813843,0.0,13220.783948898315,114922.61719703674,6237339.1069417875,6
93,25c,101799.97515678406,0.0,26226.01222991944,128025.98738670349,6237339.1069417875,6
94,26a,102014.38164710999,0.0,22579.500675201416,124593.8823223114,6237339.1069417875,6
95,26b,102165.6060218811,0.0,37038.42377662659,139204.0297985077,6237339.1069417875,6
96,26c,102707.80897140503,0.0,322333.6663246155,425041.4752960205,6237339.1069417875,6
97,27a,102707.85236358643,0.0,1500285.143852234,1602992.9962158203,6237339.1069417875,6
98,27b,105370.6567287445,0.0,1496873.3417987823,1602243.9985275269,6237339.1069417875,6
99,27c,105439.19277191162,0.0,1366962.6228809357,1472401.8156528473,6237339.1069417875,6
100,28a,108062.0448589325,0.0,33719.65312957764,141781.69798851013,6237339.1069417875,6
101,29a,108659.3816280365,0.0,8976.045846939087,117635.42747497559,6237339.1069417875,6
102,29b,110022.20702171326,0.0,33977.88166999817,144000.08869171143,6237339.1069417875,6
103,29c,110365.1831150055,0.0,3645820.437431336,3756185.6205463414,6237339.1069417875,6
104,30a,111736.6075515747,0.0,295108.99543762207,406845.6029891968,6237339.1069417875,6
105,30b,114879.49323654175,0.0,700.6864547729492,115580.1796913147,6237339.1069417875,6
106,30c,114936.71751022339,0.0,598676.1484146118,713612.8659248352,6237339.1069417875,6
107,31a,115599.53355789185,0.0,30896.71277999878,146496.24633789062,6237339.1069417875,6
108,31b,117650.98571777344,0.0,3039.541482925415,120690.52720069885,6237339.1069417875,6
109,31c,120136.88611984253,0.0,28763.85951042176,148900.74563026428,6237339.1069417875,6
110,32a,120695.46461105347,0.0,185.821533203125,120881.28614425659,6237339.1069417875,6
111,32b,120888.5395526886,0.0,598.9904403686523,121487.52999305725,6237339.1069417875,6
112,33b,123245.5689907074,0.0,778344.7890281677,901590.3580188751,6237339.1069417875,6
