index,query_id,start_time,planning_time,execution_time,execution_start_time,workload_time,ID
0,1a,0.0,176.2919,12739.5895,12739.808821250916,125135.51243338012,2
1,1b,0.26056766510009766,182.5663,4828.4355000000005,4828.915388916016,125135.51243338012,2
2,1c,1.2179374694824219,182.5631,12227.956900000001,12229.394158720399,125135.51243338012,2
3,1d,3.9917945861816406,182.7039,4829.1657,4833.376815837097,125135.51243338012,2
4,2a,19.24431324005127,158.1582,48273.9398,48293.40343449097,125135.51243338012,2
5,2b,21.356678009033203,196.124,47987.811100000006,48009.387099259955,125135.51243338012,2
6,2c,23.643064498901367,158.37290000000002,47434.562300000005,47458.42468574982,125135.51243338012,2
7,2d,27.103829383850098,195.8361,47982.0534,48009.37655063476,125135.51243338012,2
8,3a,32.50832557678223,183.7884,59942.185,59974.912646827695,125135.51243338012,2
9,3b,36.182594299316406,183.6685,57345.3051,57381.70701555023,125135.51243338012,2
10,3c,44.28534507751465,179.4836,62652.2644,62696.76906632843,125135.51243338012,2
11,4a,47.020506858825684,181.2301,41409.5321,41456.77192810974,125135.51243338012,2
12,4b,50.50652027130127,182.03879999999998,40842.6465,40893.37234152222,125135.51243338012,2
13,4c,55.63819408416748,180.8116,41662.595799999996,41718.45331533508,125135.51243338012,2
14,5a,60.601139068603516,187.578,5713.4509,5774.271360319519,125135.51243338012,2
15,5b,65.90256690979004,163.8494,5719.6329,5785.754788160705,125135.51243338012,2
16,5c,70.52104473114014,105.346,60545.9163,60616.65666598205,125135.51243338012,2
17,6a,75.21243095397949,189.20499999999998,57012.492000000006,57087.9237522049,125135.51243338012,2
18,6b,80.2238941192627,189.4119,67473.282,67553.72521537018,125135.51243338012,2
19,6c,85.27665138244629,188.7371,4156.945900000001,4242.441872633362,125135.51243338012,2
20,6d,89.9491548538208,187.5617,86407.6098,86497.77827610474,125135.51243338012,2
21,6e,94.78225708007812,186.1523,57009.548800000004,57104.550378331,125135.51243338012,2
22,6f,99.99287128448486,185.6626,86663.27530000001,86763.48749253541,125135.51243338012,2
23,7a,109.47918891906738,273.83119999999997,81975.5991,82085.29761016999,125135.51243338012,2
24,7b,114.39106464385986,271.92089999999996,71846.0512,71960.66158589478,125135.51243338012,2
25,7c,119.19245719909668,270.0455,90706.18830000001,90825.60007845002,125135.51243338012,2
26,8a,125.48491954803467,196.5598,59456.604300000006,59582.30854079896,125135.51243338012,2
27,8b,130.2523374557495,193.38569999999999,31905.4489,32035.920558706664,125135.51243338012,2
28,8c,136.19494438171387,148.45250000000001,52339.6244,52476.03866563262,125135.51243338012,2
29,8d,142.32511520385742,174.35160000000002,50965.2859,51107.830336454776,125135.51243338012,2
30,9a,150.08878707885742,333.432,55998.4968,56148.804908329774,125135.51243338012,2
31,9b,154.63902950286865,326.675,55988.59939999999,56143.457750753776,125135.51243338012,2
32,9c,4498.167824745178,7.847800000000001,78077.6599,82576.04704599609,125135.51243338012,2
33,9d,5959.618639945984,28.189999999999998,78933.5734,84893.4113611969,125135.51243338012,2
34,10a,5999.604678153992,12.794,54437.3806,60437.204599404904,125135.51243338012,2
35,10b,6365.448188781738,8.2604,47991.216499999995,54356.884010032656,125135.51243338012,2
36,10c,6383.320140838623,11.5778,46743.330700000006,53126.870162089544,125135.51243338012,2
37,11a,12577.076268196106,74.91799999999999,3025.4024,15602.697989447022,125135.51243338012,2
38,11b,13085.841941833496,41.661699999999996,1261.002,14347.06326308441,125135.51243338012,2
39,11c,14419.680571556091,24.712600000000002,52167.6033,66587.50319280701,125135.51243338012,2
40,11d,15743.03252696991,9.8369,52766.809400000006,68510.06124822082,125135.51243338012,2
41,12a,32114.6000623703,24.844,30131.1962,62246.01558362122,125135.51243338012,2
42,12b,41107.35640525818,9.453199999999999,373.9974,41481.573126509094,125135.51243338012,2
43,12c,41274.27358627319,27.710500000000003,22282.5988,63557.09170752411,125135.51243338012,2
44,13a,41745.54958343506,30.1293,23840.0839,65585.85280468597,125135.51243338012,2
45,13b,42097.08068370819,28.401,8772.312300000001,50869.61230495911,125135.51243338012,2
46,13c,46475.83422660828,11.0678,3753.4906,50229.54414785919,125135.51243338012,2
47,13d,46819.89769935608,26.8728,36719.937,83540.054020607,125135.51243338012,2
48,14a,47622.23982810974,9.9269,25803.1652,73425.62434936066,125135.51243338012,2
49,14b,48392.492270469666,21.802699999999998,18075.1345,66467.84609172058,125135.51243338012,2
50,14c,48888.1893157959,25.2377,23379.0697,72267.47833704682,125135.51243338012,2
51,15a,49381.8648815155,335.8759,13554.9276,62937.011802766414,125135.51243338012,2
52,15b,49999.18279647827,90.2899,8236.5543,58235.95641772918,125135.51243338012,2
53,15c,50386.39311790466,69.79390000000001,18017.2376,68403.85003915559,125135.51243338012,2
54,15d,51786.619567871094,52.561099999999996,20738.4748,72525.313689122,125135.51243338012,2
55,16a,53622.967529296875,16.4037,1113.8546000000001,54737.04145054779,125135.51243338012,2
56,16b,54005.44636249542,12.7562,42292.802,96298.46768374633,125135.51243338012,2
57,16c,54400.3142118454,29.674599999999998,22890.2521,77290.78563309631,125135.51243338012,2
58,16d,54763.44361305237,14.5157,9570.0303,64333.69323430328,125135.51243338012,2
59,17a,55928.92689704895,6.8827,56227.917799999996,112157.06401829988,125135.51243338012,2
60,17b,56115.91262817383,6.0762,34891.067200000005,91007.19914942475,125135.51243338012,2
61,17c,57522.18761444092,5.4503,33169.0551,90691.46203569183,125135.51243338012,2
62,17d,58289.92471694946,5.4485,32418.4441,90708.58813820037,125135.51243338012,2
63,17e,59210.212206840515,6.030900000000001,26389.123100000004,85599.55462809143,125135.51243338012,2
64,17f,60315.76642990112,3.8571,30066.7157,90382.70145115204,125135.51243338012,2
65,18a,60767.16785430908,9.6047,19434.3269,80201.71407556,125135.51243338012,2
66,18b,61068.00887584686,13.0322,5211.1995,66279.42769709778,125135.51243338012,2
67,18c,61947.886633872986,8.3871,12246.194,74194.29995512389,125135.51243338012,2
68,19a,62661.71536445618,31.740199999999998,652.3042,63314.23888570709,125135.51243338012,2
69,19b,63008.232736587524,30.6774,647.3019999999999,63655.75405783844,125135.51243338012,2
70,19c,63504.66206073761,21.624299999999998,5147.8089,68652.69028198853,125135.51243338012,2
71,19d,64715.59343338013,29.8842,60390.0348,125105.84755463104,125135.51243338012,2
72,20a,65261.78176403046,82.7525,10775.5925,76037.59358528137,125135.51243338012,2
73,20b,65991.24028682709,31.2248,5810.3953,71801.854908078,125135.51243338012,2
74,20c,66404.3541431427,186.35,14058.9313,80463.50476439361,125135.51243338012,2
75,21a,67119.28038597107,51.092,228.959,67348.45870722199,125135.51243338012,2
76,21b,67355.94596862793,42.7481,109.4088,67465.57408987885,125135.51243338012,2
77,21c,67491.02237224579,30.5897,933.0370999999999,68424.2787934967,125135.51243338012,2
78,22a,67885.26411056519,16.6058,5536.039,73421.5224318161,125135.51243338012,2
79,22b,68165.48008918762,22.7362,5401.6364,73567.33581043853,125135.51243338012,2
80,22c,68692.9041147232,18.8309,7745.169800000001,76438.29323597412,125135.51243338012,2
81,22d,69321.57964706421,16.1741,11918.3853,81240.18426831512,125135.51243338012,2
82,23a,70397.5163936615,8.7452,3134.7573,73532.49301491241,125135.51243338012,2
83,23b,70779.14950847626,37.131099999999996,2272.7857,73052.15452972717,125135.51243338012,2
84,23c,71218.81687641144,30.977600000000002,3966.3097000000002,75185.34589766237,125135.51243338012,2
85,24a,71480.7018995285,42.769600000000004,1774.8769,73255.79812077942,125135.51243338012,2
86,24b,71845.84612846375,54.8925,979.7621999999999,72825.82764971466,125135.51243338012,2
87,25a,72317.3896074295,66.0183,10817.8667,83135.47562868042,125135.51243338012,2
88,25b,72608.68544578552,99.7868,6063.1195,78672.02426703644,125135.51243338012,2
89,25c,72726.20780467987,16.3608,13559.8354,86286.2625259308,125135.51243338012,2
90,26a,72877.03337669373,42.4011,8650.4369,81527.68959794464,125135.51243338012,2
91,26b,73266.95718765259,31.258699999999997,2799.5129,76066.6894089035,125135.51243338012,2
92,26c,73506.52830600739,21.184199999999997,9209.9429,82716.6905272583,125135.51243338012,2
93,27a,73775.57322978973,79.50919999999999,1426.2369999999999,75202.02955104064,125135.51243338012,2
94,27b,73973.05958271027,60.423300000000005,262.901,74236.17990396118,125135.51243338012,2
95,27c,74118.55773925781,47.9337,880.0476000000001,74998.82466050873,125135.51243338012,2
96,28a,74251.02956295013,27.040300000000002,4862.7648,79114.01368420105,125135.51243338012,2
97,28b,74456.07807636261,8.988800000000001,3801.6547,78257.95209761352,125135.51243338012,2
98,28c,74758.09960365295,43.2512,4155.078100000001,78913.39702490387,125135.51243338012,2
99,29a,75080.87124824524,50.909800000000004,243.15119999999996,75324.24176949615,125135.51243338012,2
100,29b,75311.9972705841,92.1942,1003.9869000000001,76316.20349183501,125135.51243338012,2
101,29c,75375.06155967712,61.483799999999995,14718.5815,90093.86238092804,125135.51243338012,2
102,30a,75667.14959144592,113.5119,3348.0126000000005,79015.38151269683,125135.51243338012,2
103,30b,76136.54932975769,417.29049999999995,587.1634,76723.9320510086,125135.51243338012,2
104,30c,76312.35435009003,69.4733,20815.1282,97127.70187134095,125135.51243338012,2
105,31a,76563.86139392853,31.098200000000002,2207.1409,78771.22161517944,125135.51243338012,2
106,31b,76914.72401618958,55.596500000000006,2470.0968000000003,79385.04013744049,125135.51243338012,2
107,31c,77267.63019561768,35.6708,19260.7382,96528.58771686858,125135.51243338012,2
108,32a,77830.97655773163,9.5121,92.01480000000001,77923.21067898255,125135.51243338012,2
109,32b,77921.80364131927,10.580400000000001,724.7256,78646.7485625702,125135.51243338012,2
110,33a,78076.90470218658,60.9548,164.96089999999998,78242.08492343749,125135.51243338012,2
111,33b,78258.85772705078,27.032100000000003,4061.0369999999994,82320.1140483017,125135.51243338012,2
112,33c,78440.6302690506,66.55940000000001,328.4628,78769.31239030152,125135.51243338012,2
