index,query_id,start_time,planning_time,execution_time,execution_start_time,workload_time,ID
0,query3,0.0,0.0,2185.561227798462,2188.1409883499146,4410317.898726463,0
1,query4,0.12066364288330078,0.0,2356.9894313812256,2359.6898555755615,4410317.898726463,0
2,query2,0.5175113677978516,0.0,4180.16197681427,4183.2592487335205,4410317.898726463,0
3,query5,0.8449077606201172,0.0,5101.45161151886,5104.876279830933,4410317.898726463,0
4,query1,1.5198945999145508,0.0,553.9288759231567,558.0285310745239,4410317.898726463,0
5,query6,2.5591611862182617,0.0,916.5057897567749,921.6447114944458,4410317.898726463,0
6,query7,4.25717830657959,0.0,895.5766677856445,902.4136066436768,4410317.898726463,0
7,query8,9.747886657714844,0.0,806.735110282898,819.0627574920654,4410317.898726463,0
8,query9,12.386417388916016,0.0,1413.5863065719604,1428.552484512329,4410317.898726463,0
9,query10,14.87739086151123,0.0,904.2004823684692,921.6576337814331,4410317.898726463,0
10,query11,20.157861709594727,0.0,838.3706331253052,861.1082553863525,4410317.898726463,0
11,query12,24.55458641052246,0.0,1477.4616718292236,1504.5960187911987,4410317.898726463,0
12,query13,33.76944065093994,0.0,1262.7247095108032,1299.0739107131958,4410317.898726463,0
13,query14,37.12430000305176,0.0,1080.7032823562622,1120.4073429107666,4410317.898726463,0
14,query15,46.672606468200684,0.0,4180.990314483643,4230.242681503296,4410317.898726463,0
15,query16,50.75547695159912,0.0,783.6267232894897,836.9619607925415,4410317.898726463,0
16,query17,55.85508346557617,0.0,971.3958740234375,1029.8307180404663,4410317.898726463,0
17,query18,59.61272716522217,0.0,1201.051115989685,1263.2436037063599,4410317.898726463,0
18,query19,68.89495849609375,0.0,571.4081525802612,642.8828716278076,4410317.898726463,0
19,query20,77.04346179962158,0.0,1302.8432130813599,1382.466435432434,4410317.898726463,0
20,query21,81.23171329498291,0.0,985.4537010192871,1069.2651748657227,4410317.898726463,0
21,query22,85.9652042388916,0.0,2468.8079357147217,2557.352900505066,4410317.898726463,0
22,query23,91.26503467559814,0.0,946.7734098434448,1040.6182050704956,4410317.898726463,0
23,query24,96.08917236328125,0.0,991.7229175567627,1090.3918504714966,4410317.898726463,0
24,query25,100.35247802734375,0.0,1241.7568683624268,1344.6891069412231,4410317.898726463,0
25,query26,106.44166469573975,0.0,670.038628578186,779.0600538253784,4410317.898726463,0
26,query27,113.02886009216309,0.0,1044.4948434829712,1160.103464126587,4410317.898726463,0
27,query28,116.93413257598877,0.0,7085.860824584961,7205.374717712402,4410317.898726463,0
28,query29,121.04225158691406,0.0,1169.3593502044678,1292.9813623428345,4410317.898726463,0
29,query30,126.62899494171143,0.0,123028.91869544983,123158.127450943,4410317.898726463,0
30,query31,132.01475143432617,0.0,7844.789886474609,7979.384398460388,4410317.898726463,0
31,query32,137.65859603881836,0.0,10442.350673675537,10582.589030265808,4410317.898726463,0
32,query33,550.1010656356812,0.0,829.2435646057129,1381.9243907928467,4410317.898726463,0
33,query34,654.0089130401611,0.0,151522.66972064972,152179.25839424133,4410317.898726463,0
34,query35,749.014949798584,0.0,1919.0025091171265,2670.597219467163,4410317.898726463,0
35,query36,795.2789545059204,0.0,477.3202657699585,1275.1789808273315,4410317.898726463,0
36,query37,815.4251337051392,0.0,2586.5102767944336,3404.5151710510254,4410317.898726463,0
37,query38,825.5967617034912,0.0,48140.537786483765,48968.71430873871,4410317.898726463,0
38,query39,837.5176191329956,0.0,5948.650074005126,6788.747453689575,4410317.898726463,0
39,query40,860.8793258666992,0.0,348.03106784820557,1211.4901542663574,4410317.898726463,0
40,query41,887.6255512237549,0.0,185.1860523223877,1075.3913640975952,4410317.898726463,0
41,query42,962.3698949813843,0.0,1347.469425201416,2312.419080734253,4410317.898726463,0
42,query43,999.6461868286133,0.0,5084.783220291138,6087.009167671204,4410317.898726463,0
43,query44,1068.9393520355225,0.0,3007.896637916565,4079.41575050354,4410317.898726463,0
44,query45,1079.6067953109741,0.0,489.1592025756836,1571.3457584381104,4410317.898726463,0
45,query46,1097.8362083435059,0.0,1156.3080787658691,2256.7240476608276,4410317.898726463,0
46,query47,1120.6831216812134,0.0,28546.43850326538,29669.701385498047,4410317.898726463,0
47,query48,1147.5818872451782,0.0,646.792197227478,1796.953845024109,4410317.898726463,0
48,query49,1194.079065322876,0.0,11717.965006828308,12914.623832702637,4410317.898726463,0
49,query50,1243.011450767517,0.0,738.1379127502441,1983.7291240692139,4410317.898726463,0
50,query51,1268.637728691101,0.0,61626.51336193085,62897.7308511734,4410317.898726463,0
51,query52,1300.9663105010986,0.0,89632.45799541473,90936.00406646729,4410317.898726463,0
52,query53,1330.7483673095703,0.0,1479.863429069519,2813.191556930542,4410317.898726463,0
53,query54,1376.8261909484863,0.0,392.7462100982666,1772.1521615982056,4410317.898726463,0
54,query55,1417.8101539611816,0.0,335.2830410003662,1755.6729555130005,4410317.898726463,0
55,query56,1452.1734952926636,0.0,7121.754693984985,8576.507949829102,4410317.898726463,0
56,query57,1487.606143951416,0.0,381.7624807357788,1871.9483852386475,4410317.898726463,0
57,query58,1520.8572626113892,0.0,4408797.041463852,4410320.478487015,4410317.898726463,0
58,query59,1610.9446287155151,0.0,40160.87498664856,41774.39937591553,4410317.898726463,0
59,query60,1730.4953575134277,0.0,6442.446613311768,8175.521731376648,4410317.898726463,0
60,query61,1767.3677206039429,0.0,1478.4817934036255,3248.429274559021,4410317.898726463,0
61,query62,1820.3626155853271,0.0,545.9018230438232,2368.844199180603,4410317.898726463,0
62,query63,1889.7027492523193,0.0,448.9394426345825,2341.2219524383545,4410317.898726463,0
63,query64,1984.8281145095825,0.0,1085.363245010376,3072.771120071411,4410317.898726463,0
64,query65,2090.366554260254,0.0,896.1148738861084,2989.061188697815,4410317.898726463,0
65,query66,2210.596752166748,0.0,2077.876567840576,4291.053080558777,4410317.898726463,0
66,query67,2264.311933517456,0.0,601.2611627578735,2868.152856826782,4410317.898726463,0
67,query68,2318.8963413238525,0.0,258233.2137823105,260554.6898841858,4410317.898726463,0
68,query69,2385.9967708587646,0.0,44616.44906997681,47005.025601387024,4410317.898726463,0
69,query70,2452.531337738037,0.0,34661.45348548889,37116.56458377838,4410317.898726463,0
70,query71,2572.265601158142,0.0,26558.603382110596,29133.44874382019,4410317.898726463,0
71,query72,2628.5372257232666,0.0,1452.3865461349487,4083.503532409668,4410317.898726463,0
72,query73,2692.624568939209,0.0,1691.6229963302612,4386.827325820923,4410317.898726463,0
73,query74,2754.0037393569946,0.0,18687.59698867798,21444.180488586426,4410317.898726463,0
74,query75,2860.9405040740967,0.0,4088.3330821990967,6951.853346824646,4410317.898726463,0
75,query76,2913.965964317322,0.0,2216.900086402893,5133.4458112716675,4410317.898726463,0
76,query77,3035.497498512268,0.0,7439.144563674927,10477.221822738647,4410317.898726463,0
77,query78,3101.2468099594116,0.0,1082.0165395736694,4185.843110084534,4410317.898726463,0
78,query79,3233.7538480758667,0.0,2922.9469060897827,6159.280514717102,4410317.898726463,0
79,query80,3435.399055480957,0.0,1125.7294178009033,4563.708233833313,4410317.898726463,0
80,query81,3818.3401584625244,0.0,638.5076999664307,4459.427618980408,4410317.898726463,0
81,query82,3985.001587867737,0.0,1350.7102727890015,5338.291621208191,4410317.898726463,0
82,query83,4110.403394699097,0.0,1614.5726919174194,5727.555847167969,4410317.898726463,0
83,query84,4294.382619857788,0.0,5208.078813552856,9505.041193962097,4410317.898726463,0
84,query85,4394.687628746033,0.0,5257.4551820755005,9654.722571372986,4410317.898726463,0
85,query86,4492.3508644104,0.0,1031.71808719635,5526.648712158203,4410317.898726463,0
86,query87,4603.443360328674,0.0,818.5511350631714,5424.574255943298,4410317.898726463,0
87,query88,4757.595252990723,0.0,4960.014200210571,9720.189213752747,4410317.898726463,0
88,query89,4884.216690063477,0.0,1587.4440431594849,6474.240493774414,4410317.898726463,0
89,query90,5226.692676544189,0.0,1450.7869005203247,6680.059337615967,4410317.898726463,0
90,query91,5366.438603401184,0.0,3071.4412927627563,8440.459656715393,4410317.898726463,0
91,query92,5503.42104434967,0.0,748.375940322876,6254.376745223999,4410317.898726463,0
92,query93,5630.171847343445,0.0,1448.5528707504272,7081.304478645325,4410317.898726463,0
93,query94,5798.9121198654175,0.0,971.0308313369751,6772.522711753845,4410317.898726463,0
94,query95,5995.278549194336,0.0,3691.194987297058,9689.053297042847,4410317.898726463,0
95,query96,6098.317265510559,0.0,2632.4657678604126,8733.362793922424,4410317.898726463,0
96,query97,6236.647534370422,0.0,26478.233122825623,32717.460417747498,4410317.898726463,0
97,query98,6429.360818862915,0.0,19367.614364624023,25799.55494403839,4410317.898726463,0
98,query99,6555.87592124939,0.0,1368.2851552963257,7926.740837097168,4410317.898726463,0
99,query100,6717.3295974731445,0.0,873.023509979248,7592.932868003845,4410317.898726463,0
100,query101,6907.507753372192,0.0,1185.1014614105225,8095.1889753341675,4410317.898726463,0
101,query102,7116.218972206116,0.0,2027.2174835205078,9146.016216278076,4410317.898726463,0
102,query103,7384.711837768555,0.0,2783.3145141601562,10170.606112480164,4410317.898726463,0
103,query104,7585.827374458313,0.0,16366.421580314636,23954.828715324402,4410317.898726463,0
104,query105,7754.241991043091,0.0,79141.53587818146,86898.357629776,4410317.898726463,0
105,query106,8001.250839233398,0.0,2881.6930532455444,10885.523653030396,4410317.898726463,0
106,query107,8217.700290679932,0.0,148168.18833351135,156388.46838474274,4410317.898726463,0
107,query108,8374.551510810852,0.0,148881.63766860962,157258.76893997192,4410317.898726463,0
108,query109,8573.615884780884,0.0,2267.08025932312,10843.275904655457,4410317.898726463,0
109,query110,8737.0197057724,0.0,1853.981876373291,10593.581342697144,4410317.898726463,0
110,query111,9035.654354095459,0.0,2288.4356260299683,11326.66974067688,4410317.898726463,0
111,query112,9302.814626693726,0.0,2754.898476600647,12060.292863845825,4410317.898726463,0
112,query113,9462.793135643005,0.0,18378.04193496704,27843.4148311615,4410317.898726463,0
113,query114,9703.47375869751,0.0,12671.883773803711,22377.937293052673,4410317.898726463,0
114,query115,9858.99019241333,0.0,28581.6707611084,38443.24071407318,4410317.898726463,0
115,query116,10010.001945495605,0.0,11614.585208892822,21627.16691493988,4410317.898726463,0
116,query117,10127.805876731873,0.0,1110.7927083969116,11241.178345680237,4410317.898726463,0
117,query118,10286.367106437683,0.0,1429.376244544983,11718.323111534119,4410317.898726463,0
118,query119,10524.176955223083,0.0,1873.195767402649,12399.952483177185,4410317.898726463,0
119,query120,10747.266101837158,0.0,2796482.879590988,2807232.725453377,4410317.898726463,0
120,query121,10938.856983184814,0.0,5098.355531692505,16039.792275428772,4410317.898726463,0
121,query122,11169.398784637451,0.0,2612063.4679079056,2623235.4464530945,4410317.898726463,0
122,query123,11482.251954078674,0.0,54698.583698272705,66183.41541290283,4410317.898726463,0
123,query124,11630.617046356201,0.0,3822.2564220428467,15455.4532289505,4410317.898726463,0
124,query125,11779.693150520325,0.0,684.060788154602,12466.33369922638,4410317.898726463,0
125,query126,11971.81658744812,0.0,640021.7977046967,651996.1940526962,4410317.898726463,0
126,query127,12070.309495925903,0.0,1048.1878757476807,13121.077132225037,4410317.898726463,0
127,query128,12243.741154670715,0.0,1123.229718208313,13369.550633430481,4410317.898726463,0
128,query129,12432.35638141632,0.0,2343.7398195266724,14778.675961494446,4410317.898726463,0
129,query130,12538.148713111877,0.0,1522.3628997802734,14063.091373443604,4410317.898726463,0
130,query131,12812.781167030334,0.0,2722.1678972244263,15537.528824806213,4410317.898726463,0
131,query132,13251.107287406921,0.0,209376.2020111084,222629.88905906677,4410317.898726463,0
132,query133,13471.59993648529,0.0,7604.387068748474,21078.566765785217,4410317.898726463,0
133,query134,13906.50441646576,0.0,55921.59478664398,69830.6789636612,4410317.898726463,0
134,query135,14167.522501945496,0.0,463101.2306213379,477271.33288383484,4410317.898726463,0
135,query136,15445.273041725159,0.0,121418.0990934372,136865.9518957138,4410317.898726463,0
136,query137,15994.806790351868,0.0,717.0989274978638,16714.485478401184,4410317.898726463,0
137,query138,16242.17267036438,0.0,7284.789419174194,23529.541850090027,4410317.898726463,0
138,query139,16662.75007724762,0.0,3118.4648752212524,19783.794713020325,4410317.898726463,0
139,query140,19540.879774093628,0.0,67750.30620098114,87293.76573562622,4410317.898726463,0
140,query141,20461.280632019043,0.0,94710.16523838043,115174.02563095093,4410317.898726463,0
141,query142,21296.898245811462,0.0,140338.5273218155,161638.0053281784,4410317.898726463,0
142,query143,22740.408873558044,0.0,82547.73457050323,105290.72320461273,4410317.898726463,0
143,query144,23569.748497009277,0.0,10662.03122138977,34234.3594789505,4410317.898726463,0
144,query145,25223.498392105103,0.0,1161.9657278060913,26388.043880462646,4410317.898726463,0
145,query146,26208.503437042236,0.0,2013.000726699829,28224.083924293518,4410317.898726463,0
