index,query_id,start_time,planning_time,execution_time,execution_start_time,workload_time,ID
0,2b,0.0,0.0,59403.81177266439,59404.019037882485,720708.9001337687,7
1,2d,0.07088979085286459,0.0,59403.42911084493,59403.70726585388,720708.9001337687,7
2,1c,2.4910767873128252,0.0,13166.938940684,13169.637282689413,720708.9001337687,7
3,1b,2.6058355967203775,0.0,5168.980042139689,5171.793142954509,720708.9001337687,7
4,1a,2.612511316935221,0.0,14604.570547739664,14607.390324274698,720708.9001337687,7
5,1d,2.698739369710286,0.0,5168.993552525838,5171.8995571136475,720708.9001337687,7
6,2c,3.24710210164388,0.0,59399.76557095846,59403.2199382782,720708.9001337687,7
7,2a,5.456368128458659,0.0,59399.631102879845,59405.2947362264,720708.9001337687,7
8,3c,11.632839838663736,0.0,97635.2477868398,97647.08789189656,720708.9001337687,7
9,3b,12.040138244628906,0.0,96786.20179494222,96798.44919840495,720708.9001337687,7
10,4a,12.407700220743815,0.0,47437.53751118978,47450.152476628624,720708.9001337687,7
11,3a,17.60077476501465,0.0,97414.73611195882,97432.54415194194,720708.9001337687,7
12,4c,17.612457275390625,0.0,47431.15480740865,47448.97452990214,720708.9001337687,7
13,5b,20.185470581054688,0.0,5982.672532399495,6003.065268198649,720708.9001337687,7
14,4b,23.386081059773765,0.0,47426.733096440636,47450.326442718506,720708.9001337687,7
15,5c,23.85695775349935,0.0,64593.5492515564,64617.61347452799,720708.9001337687,7
16,5a,24.267991383870445,0.0,5976.135492324829,6000.610748926799,720708.9001337687,7
17,6a,26.376326878865562,0.0,61061.53917312622,61088.12276522318,720708.9001337687,7
18,6b,29.1747252146403,0.0,90449.08666610718,90478.46865653992,720708.9001337687,7
19,6c,36.23056411743164,0.0,5466.578642527263,5503.016471862793,720708.9001337687,7
20,6d,38.79721959431966,0.0,99730.06995519002,99769.07444000244,720708.9001337687,7
21,6e,41.28845532735188,0.0,61046.98395729065,61088.4796778361,720708.9001337687,7
22,6f,43.9143180847168,0.0,99804.72596486409,99848.84754816692,720708.9001337687,7
23,7a,47.52310117085774,0.0,111052.91946729024,111100.6498336792,720708.9001337687,7
24,7b,53.197383880615234,0.0,77398.20218086243,77451.60682996114,720708.9001337687,7
25,7c,55.62766393025716,0.0,140248.15583229065,140303.990761439,720708.9001337687,7
26,8a,59.38967068990071,0.0,76115.97569783528,76175.57263374329,720708.9001337687,7
27,8b,63.05782000223795,0.0,27890.04349708557,27953.30858230591,720708.9001337687,7
28,8c,66.94809595743816,0.0,81486.40863100688,81553.56399218242,720708.9001337687,7
29,8d,71.00661595662436,0.0,61729.85053062439,61801.06441179911,720708.9001337687,7
30,9a,74.30720329284668,0.0,59855.96092542013,59930.47539393107,720708.9001337687,7
31,9b,78.29117774963379,0.0,96406.74058596294,96485.23902893066,720708.9001337687,7
32,9c,5256.877899169922,0.0,58504.08426920573,63761.16943359375,720708.9001337687,7
33,9d,5259.06507174174,0.0,115062.30529149373,120321.57762845357,720708.9001337687,7
34,10a,5602.973699569702,0.0,71505.23384412129,77108.4148089091,720708.9001337687,7
35,10b,6069.208145141602,0.0,56609.84921455383,62679.264624913536,720708.9001337687,7
36,10c,6069.250106811523,0.0,55015.13131459554,61084.58868662516,720708.9001337687,7
37,11a,13233.228842417398,0.0,3018.4360345204673,16251.872142155966,720708.9001337687,7
38,11b,14680.849234263102,0.0,570.9500312805176,15252.006530761719,720708.9001337687,7
39,11c,15290.41051864624,0.0,4264.070351918538,19554.68813578288,720708.9001337687,7
40,11d,16315.961678822834,0.0,946.5146064758301,17262.683550516766,720708.9001337687,7
41,12a,17277.89076169332,0.0,79914.44738705952,97192.54541397095,720708.9001337687,7
42,12b,19585.83505948385,0.0,2197.2076098124185,21783.249934514362,720708.9001337687,7
43,12c,21810.714721679688,0.0,75509.8488330841,97320.77081998189,720708.9001337687,7
44,13a,28005.186478296917,0.0,69665.01267751057,97670.40642102559,720708.9001337687,7
45,13b,47474.15431340535,0.0,15717.905203501383,63192.26678212484,720708.9001337687,7
46,13c,47474.3230342865,0.0,5856.73983891805,53331.270138422646,720708.9001337687,7
47,13d,47474.36650594075,0.0,72601.81792577107,120076.39169692993,720708.9001337687,7
48,14a,53419.245322545365,0.0,50628.18988164266,104047.64246940613,720708.9001337687,7
49,14b,59301.42537752787,0.0,25238.5577360789,84540.19037882487,720708.9001337687,7
50,14c,59467.14663505554,0.0,45081.55179023743,104548.90569051106,720708.9001337687,7
51,15a,59467.240174611405,0.0,38070.71352005005,97538.16095987956,720708.9001337687,7
52,15b,59478.372414906815,0.0,9518.680651982626,68997.26033210754,720708.9001337687,7
53,15c,60285.316149393715,0.0,39083.8893254598,99369.41274007161,720708.9001337687,7
54,15d,60499.65103467305,0.0,36822.46136665344,97322.3196665446,720708.9001337687,7
55,16a,60951.257387797035,0.0,2475.67081451416,63427.1354675293,720708.9001337687,7
56,16b,61146.45838737488,0.0,85445.38489977519,146592.05055236816,720708.9001337687,7
57,16c,61652.20697720845,0.0,22255.810737609863,83908.22498003642,720708.9001337687,7
58,16d,62611.644983291626,0.0,21298.434019088745,83910.28626759847,720708.9001337687,7
59,17a,63030.907471974686,0.0,59820.42217254639,122851.53690973918,720708.9001337687,7
60,17b,63587.30347951253,0.0,37868.68675549825,101456.19750022888,720708.9001337687,7
61,17c,64458.589712778725,0.0,36886.34594281515,101345.14292081197,720708.9001337687,7
62,17d,65069.90464528401,0.0,36381.2940120697,101451.40592257182,720708.9001337687,7
63,17e,69021.95572853088,0.0,54639.75636164347,123661.91935539246,720708.9001337687,7
64,17f,76224.04702504477,0.0,35701.229651769005,111925.48394203186,720708.9001337687,7
65,18a,77056.44496281943,0.0,25134.313742319744,102190.96597035725,720708.9001337687,7
66,18b,77581.4015865326,0.0,19704.968611399334,97286.57746315002,720708.9001337687,7
67,18c,81305.29928207397,0.0,21651.78879102071,102957.29533831279,720708.9001337687,7
68,19a,83133.98901621501,0.0,3533.402919769287,86667.59920120239,720708.9001337687,7
69,19b,83943.63681475322,0.0,1090.1065667470295,85033.95064671834,720708.9001337687,7
70,19c,84317.81260172527,0.0,7029.326915740967,91347.34678268433,720708.9001337687,7
71,19d,85922.80491193137,0.0,54702.51146952311,140625.52364667258,720708.9001337687,7
72,20a,87115.29437700908,0.0,633593.6057567596,720709.1073989868,720708.9001337687,7
73,20b,90511.6073290507,0.0,294427.61929829913,384939.43389256793,720708.9001337687,7
74,20c,91399.33657646179,0.0,303331.477244695,394731.02108637494,720708.9001337687,7
75,21a,95782.36786524455,0.0,856.0726642608643,96638.64779472351,720708.9001337687,7
76,21b,96106.14848136902,0.0,248.36397171020508,96354.71971829732,720708.9001337687,7
77,21c,96198.86048634848,0.0,294.81951395670575,96493.88726552327,720708.9001337687,7
78,22a,96312.77060508728,0.0,8149.102528889974,104462.08039919536,720708.9001337687,7
79,22b,96696.92222277324,0.0,7300.60076713562,103997.73025512695,720708.9001337687,7
80,22c,96930.14717102051,0.0,10714.972019195555,107645.32645543416,720708.9001337687,7
81,22d,97410.26830673218,0.0,9417.593638102213,106828.06921005249,720708.9001337687,7
82,23a,97474.07221794128,0.0,1598.507245381673,99072.78672854106,720708.9001337687,7
83,23b,97532.67478942871,0.0,1537.305196126302,99070.18725077312,720708.9001337687,7
84,23c,97579.41357294719,0.0,2676.6579945882163,100256.2788327535,720708.9001337687,7
85,24a,97606.86349868774,0.0,8779.916922251383,106386.98768615723,720708.9001337687,7
86,24b,97833.21873346965,0.0,3716.2509759267173,101549.67697461446,720708.9001337687,7
87,25a,97955.00127474467,0.0,16313.478310902914,114268.68685086568,720708.9001337687,7
88,25b,98221.85118993124,0.0,12711.000521977743,110933.05897712708,720708.9001337687,7
89,25c,98336.76012357077,0.0,25289.15818532308,123626.12557411194,720708.9001337687,7
90,26a,98428.65975697836,0.0,30239.420572916668,128668.28759511311,720708.9001337687,7
91,26b,98692.49407450359,0.0,33597.314516703285,132290.01585642496,720708.9001337687,7
92,26c,100021.03487650554,0.0,316118.0868943532,416139.32903607684,720708.9001337687,7
93,27a,100777.30329831442,0.0,439.05822436014813,101216.56878789265,720708.9001337687,7
94,27b,101028.58281135559,0.0,337.8415107727051,101366.63158734639,720708.9001337687,7
95,27c,101204.69498634338,0.0,465.31446774800617,101670.2167193095,720708.9001337687,7
96,28a,101324.68819618225,0.0,24569.196621576946,125894.0920829773,720708.9001337687,7
97,28b,101564.06943003337,0.0,20386.873801549275,121951.15049680074,720708.9001337687,7
98,28c,101779.55492337546,0.0,16747.939825057983,118527.70201365153,720708.9001337687,7
99,29a,102730.49513498943,0.0,852.3425261179606,103583.04492632548,720708.9001337687,7
100,29b,103137.00580596924,0.0,954.7228018442789,104091.93587303162,720708.9001337687,7
101,29c,103205.05785942078,0.0,63287.344535191856,166492.60965983072,720708.9001337687,7
102,30a,103304.21733856201,0.0,6373.190879821777,109677.61548360188,720708.9001337687,7
103,30b,103509.82618331909,0.0,708.6829344431559,104218.71638298035,720708.9001337687,7
104,30c,103817.2729810079,0.0,11372.116247812906,115189.5964940389,720708.9001337687,7
105,31a,103963.33599090576,0.0,17071.657101313274,121035.20035743713,720708.9001337687,7
106,31b,104174.3286450704,0.0,7981.19839032491,112155.7343006134,720708.9001337687,7
107,31c,104315.20652770996,0.0,24778.335173924763,129093.74896685283,720708.9001337687,7
108,32a,104571.29041353862,0.0,58.46548080444336,104629.96315956116,720708.9001337687,7
109,32b,104636.24429702759,0.0,476.4543374379476,105112.90589968364,720708.9001337687,7
110,33a,104733.19896062216,0.0,462.912638982137,105196.31886482239,720708.9001337687,7
111,33b,105147.84860610962,0.0,344.77559725443524,105492.83146858215,720708.9001337687,7
112,33c,105204.53532536826,0.0,955.3992748260498,106160.1418654124,720708.9001337687,7
