index,query_id,start_time_x,planning_time_x,execution_time_x,execution_start_time_x,workload_time_x,ID_x,start_time_y,planning_time_y,execution_time_y,execution_start_time_y,workload_time_y,ID_y,diff,diffratio,PN
0,28c,90385.10890007019,390.8655,47508.452399999995,137893.5944402527,706210.9602429627,0,97799.28994178772,342.119,6139197.698,6236996.987941788,6237339.1069417875,6,-6091689.2456,-129.22,False
1,28b,90235.06803512573,364.4139,21758.2393,111993.34047530821,706210.9602429627,0,97799.28994178772,354.589,6086731.354,6184530.643941788,6237339.1069417875,6,-6064973.114700001,-279.74,False
2,23c,86618.60790252686,161.6453,1254.1396,87872.78064270935,706210.9602429627,0,97799.28994178772,203.248,6047863.678,6145662.967941788,6237339.1069417875,6,-6046609.5384,-4822.32,False
3,33c,97306.37540817261,349.931,621.879,97928.2875483551,706210.9602429627,0,97799.28994178772,419.578,6046597.694,6144396.983941788,6237339.1069417875,6,-6045975.815,-9723.11,False
4,33a,96935.351395607,367.2903,87.0572,97022.44173578949,706210.9602429627,0,97799.28994178772,364.389,6045445.55,6143244.8399417875,6237339.1069417875,6,-6045358.4928,-69442.22,False
5,23a,86483.36894512177,175.4496,820.406,87303.80808530425,706210.9602429627,0,97799.28994178772,0.0,6045257.166624069,6143056.456565857,6237339.1069417875,6,-6044436.760624069,-7368.62,False
6,29c,92138.99230957031,552.7228,4204.0126,96343.03804975281,706210.9602429627,0,110365.1831150055,0.0,3645820.437431336,3756185.6205463414,6237339.1069417875,6,-3641616.424831336,-867.22,False
7,27a,89631.90279006958,307.49760000000003,186.4996,89818.43553025209,706210.9602429627,0,102707.85236358643,0.0,1500285.143852234,1602992.9962158203,6237339.1069417875,6,-1500098.644252234,-8044.44,False
8,27b,89870.97346782684,302.3261,66.9555,89937.96210800935,706210.9602429627,0,105370.6567287445,0.0,1496873.3417987823,1602243.9985275269,6237339.1069417875,6,-1496806.3862987824,-22356.24,False
9,27c,90030.33385276794,325.1735,218.89989999999997,90249.26689295044,706210.9602429627,0,105439.19277191162,0.0,1366962.6228809357,1472401.8156528473,6237339.1069417875,6,-1366743.7229809356,-6244.69,False
10,33b,97171.55702114105,318.14700000000005,66.87100000000001,97238.46116132355,706210.9602429627,0,123245.5689907074,0.0,778344.7890281677,901590.3580188751,6237339.1069417875,6,-778277.9180281677,-11639.5,False
11,30c,94606.03966712952,312.75120000000004,10340.1929,104946.265707312,706210.9602429627,0,114936.71751022339,0.0,598676.1484146118,713612.8659248352,6237339.1069417875,6,-588335.9555146118,-57.9,False
12,30a,93503.52466106415,298.591,6397.962799999999,99901.52060124665,706210.9602429627,0,111736.6075515747,0.0,295108.99543762207,406845.6029891968,6237339.1069417875,6,-288711.0326376221,-46.13,False
13,26c,89223.35364818573,287.0076,68488.5757,157711.9624883682,706210.9602429627,0,102707.80897140503,0.0,322333.6663246155,425041.4752960205,6237339.1069417875,6,-253845.0906246155,-4.71,False
14,19d,81803.58939170837,123.78330000000001,55229.8644,137033.48693189086,706210.9602429627,0,92489.91298675537,0.0,179709.38563346863,272199.298620224,6237339.1069417875,6,-124479.52123346864,-3.25,False
15,22d,86453.53510379791,183.46620000000001,8808.833499999999,95262.4017439804,706210.9602429627,0,97667.25611686707,0.0,59273.7889289856,156941.04504585266,6237339.1069417875,6,-50464.9554289856,-6.73,False
16,9b,163.50507736206055,353.7022,53746.697,53910.235217544556,706210.9602429627,0,75.71077346801758,0.0,101618.64805221558,101694.3588256836,6237339.1069417875,6,-47871.951052215576,-1.89,False
17,13c,49329.35452461243,39.1957,5056.6362,54386.023864794915,706210.9602429627,0,58734.856367111206,0.0,49919.73280906677,108654.58917617798,6237339.1069417875,6,-44863.09660906677,-9.87,False
18,13b,45798.14229011536,41.736000000000004,12387.9833,58186.15873029785,706210.9602429627,0,47220.327854156494,0.0,50423.44379425049,97643.77164840698,6237339.1069417875,6,-38035.46049425049,-4.07,False
19,22c,86405.0354719162,181.8827,11094.6626,97499.7312120987,706210.9602429627,0,97648.77271652222,0.0,44550.3032207489,142199.07593727112,6237339.1069417875,6,-33455.640620748905,-4.02,False
20,29b,91030.10265827179,504.4417,4186.1795,95216.31529845428,706210.9602429627,0,110022.20702171326,0.0,33977.88166999817,144000.08869171143,6237339.1069417875,6,-29791.70216999817,-8.12,False
21,22a,85827.51471996307,178.4495,4151.3216,89978.86946014556,706210.9602429627,0,97584.75613594055,0.0,32306.452751159668,129891.20888710022,6237339.1069417875,6,-28155.13115115967,-7.78,False
22,22b,86153.16135883331,175.8607,3243.511,89396.7054990158,706210.9602429627,0,97620.05686759949,0.0,25612.31279373169,123232.36966133118,6237339.1069417875,6,-22368.80179373169,-7.9,False
23,7c,132.57505893707275,379.34389999999996,132906.3939,133039.00209911956,706210.9602429627,0,51.29671096801758,0.0,154006.99734687805,154058.29405784607,6237339.1069417875,6,-21100.603446878056,-1.16,False
24,10a,6494.000124931335,12.907300000000001,57115.0316,63609.06486511383,706210.9602429627,0,5859.774827957153,0.0,77828.12428474426,83687.89911270142,6237339.1069417875,6,-20713.09268474426,-1.36,False
25,20c,83904.38289642334,75.4269,287970.74210000003,371875.15813660587,706210.9602429627,0,97478.61361503601,0.0,307552.91223526,405031.525850296,6237339.1069417875,6,-19582.170135259978,-1.07,False
26,8c,147.9816436767578,249.5801,69030.475,69178.48978385926,706210.9602429627,0,63.132286071777344,0.0,85592.22507476807,85655.35736083984,6237339.1069417875,6,-16561.75007476806,-1.24,False
27,8a,137.76488304138184,246.05149999999998,66336.1502,66473.94822322388,706210.9602429627,0,54.967641830444336,0.0,82229.47120666504,82284.43884849548,6237339.1069417875,6,-15893.321006665035,-1.24,False
28,31a,95224.41263198853,280.8809,16824.2529,112048.69867217103,706210.9602429627,0,115599.53355789185,0.0,30896.71277999878,146496.24633789062,6237339.1069417875,6,-14072.45987999878,-1.84,False
29,12a,31089.148473739624,25.0584,55056.455,86145.63661392212,706210.9602429627,0,29425.82106590271,0.0,68085.7527256012,97511.5737915039,6237339.1069417875,6,-13029.297725601195,-1.24,False
30,9d,6475.3496170043945,31.9848,106329.28689999999,112804.66965718688,706210.9602429627,0,5192.739009857178,0.0,119319.2012310028,124511.94024085997,6237339.1069417875,6,-12989.914331002801,-1.12,False
31,7b,123.59316349029541,377.0274,71723.26389999999,71846.89020367278,706210.9602429627,0,48.1417179107666,0.0,83410.46810150146,83458.60981941223,6237339.1069417875,6,-11687.204201501474,-1.16,False
32,3c,48.9579439163208,228.5867,86180.17929999999,86229.1703840988,706210.9602429627,0,9.623289108276367,0.0,97783.56719017027,97793.19047927855,6237339.1069417875,6,-11603.387890170285,-1.13,False
33,3a,39.58108425140381,228.5232,86049.7393,86089.3535244339,706210.9602429627,0,9.526729583740234,0.0,97539.14332389832,97548.67005348206,6237339.1069417875,6,-11489.404023898314,-1.13,False
34,6f,113.69502544403076,238.93070000000003,93896.77709999999,94010.50526562652,706210.9602429627,0,39.89601135253906,0.0,105382.56096839903,105422.45697975157,6237339.1069417875,6,-11485.783868399041,-1.12,False
35,3b,44.10042762756348,228.31109999999998,85927.1002,85971.23376781006,706210.9602429627,0,0.9357929229736328,0.0,97397.3240852356,97398.25987815857,6237339.1069417875,6,-11470.223885235595,-1.13,False
36,6d,103.84008884429932,238.9146,93880.1743,93984.0475290268,706210.9602429627,0,32.49859809875488,0.0,105309.42726135254,105341.9258594513,6237339.1069417875,6,-11429.25296135254,-1.12,False
37,23b,86525.1256942749,146.72449999999998,814.4407,87339.5995344574,706210.9602429627,0,98277.82940864563,0.0,12044.028759002686,110321.85816764832,6237339.1069417875,6,-11229.588059002686,-14.79,False
38,6a,87.22190856933594,238.6576,53884.7476,53972.00264875183,706210.9602429627,0,20.676612854003906,0.0,64741.68276786804,64762.359380722046,6237339.1069417875,6,-10856.93516786804,-1.2,False
39,6e,108.8235855102539,239.3402,53880.52829999999,53989.38502569274,706210.9602429627,0,36.06772422790527,0.0,64726.22561454773,64762.293338775635,6237339.1069417875,6,-10845.697314547739,-1.2,False
40,5c,82.44123458862305,225.5718,55822.51700000001,55904.991374771125,706210.9602429627,0,17.081499099731445,0.0,65990.11898040771,66007.20047950745,6237339.1069417875,6,-10167.601980407708,-1.18,False
41,12c,44561.13893985748,29.8779,41734.1599,86295.33198003998,706210.9602429627,0,45746.17671966553,0.0,51833.56976509094,97579.74648475647,6237339.1069417875,6,-10099.409865090944,-1.24,False
42,13a,44569.62728500366,105.5642,42048.5248,86618.18522518616,706210.9602429627,0,45746.262311935425,0.0,51824.30362701416,97570.56593894958,6237339.1069417875,6,-9775.778827014161,-1.23,False
43,10b,6810.616850852966,13.5659,50580.941399999996,57391.59139103546,706210.9602429627,0,6482.758283615112,0.0,60303.03740501404,66785.79568862915,6237339.1069417875,6,-9722.096005014042,-1.19,False
44,9a,157.88066387176514,355.5464,53747.8214,53905.73520405426,706210.9602429627,0,72.12066650390625,0.0,63337.72015571594,63409.84082221985,6237339.1069417875,6,-9589.898755715942,-1.18,False
45,16b,56542.16585159302,32.5131,89970.4877,146512.6866917755,706210.9602429627,0,66809.34643745422,0.0,99185.11724472046,165994.46368217468,6237339.1069417875,6,-9214.629544720461,-1.1,False
46,7a,118.53220462799072,376.64549999999997,102837.1404,102955.70574481049,706210.9602429627,0,43.55263710021973,0.0,111668.67518424988,111712.2278213501,6237339.1069417875,6,-8831.534784249874,-1.09,False
47,29a,90575.29788017273,478.5312,306.9736,90882.30462035522,706210.9602429627,0,108659.3816280365,0.0,8976.045846939087,117635.42747497559,6237339.1069417875,6,-8669.072246939088,-29.24,False
48,10c,6810.674071311951,14.174299999999999,51346.3154,58157.022611494445,706210.9602429627,0,6482.779502868652,0.0,58923.14410209656,65405.92360496521,6237339.1069417875,6,-7576.828702096558,-1.15,False
49,28a,90133.5274219513,364.9561,26180.7605,116314.3210621338,706210.9602429627,0,108062.0448589325,0.0,33719.65312957764,141781.69798851013,6237339.1069417875,6,-7538.892629577636,-1.29,False
50,8d,152.85241603851318,250.34769999999997,57781.8819,57934.76745622101,706210.9602429627,0,67.97266006469727,0.0,64690.38724899292,64758.35990905762,6237339.1069417875,6,-6908.50534899292,-1.12,False
51,2c,28.713202476501465,228.8462,52360.8177,52389.564042658996,706210.9602429627,0,0.1475811004638672,0.0,58674.3221282959,58674.46970939636,6237339.1069417875,6,-6313.504428295899,-1.12,False
52,2b,25.27027130126953,229.06599999999997,52363.505099999995,52388.80851148376,706210.9602429627,0,0.38743019104003906,0.0,58674.668073654175,58675.055503845215,6237339.1069417875,6,-6311.16297365418,-1.12,False
53,2a,23.564839363098145,229.1071,52365.1426,52388.74057954559,706210.9602429627,0,0.4165172576904297,0.0,58674.58486557007,58675.00138282776,6237339.1069417875,6,-6309.442265570069,-1.12,False
54,2d,33.130764961242676,229.32600000000002,52439.6834,52472.84730514374,706210.9602429627,0,0.0,0.0,58676.77879333496,58676.77879333496,6237339.1069417875,6,-6237.095393334959,-1.12,False
55,25b,87462.23170757294,46.4957,7772.7352,95235.00004775543,706210.9602429627,0,101701.83324813843,0.0,13220.783948898315,114922.61719703674,6237339.1069417875,6,-5448.048748898315,-1.7,False
56,26b,88513.5877609253,298.5154,31756.478500000005,120270.09940110779,706210.9602429627,0,102165.6060218811,0.0,37038.42377662659,139204.0297985077,6237339.1069417875,6,-5281.945276626582,-1.17,False
57,14a,50601.64761543274,33.6323,39079.695400000004,89681.37615561523,706210.9602429627,0,58735.04710197449,0.0,43424.39651489258,102159.44361686707,6237339.1069417875,6,-4344.701114892574,-1.11,False
58,25c,87513.39025497437,55.5271,22837.8355,110351.25889515686,706210.9602429627,0,101799.97515678406,0.0,26226.01222991944,128025.98738670349,6237339.1069417875,6,-3388.17672991944,-1.15,False
59,18b,75785.84699630737,12.7774,10415.798200000001,86201.67833648986,706210.9602429627,0,83712.52226829529,0.0,13753.902673721312,97466.4249420166,6237339.1069417875,6,-3338.1044737213106,-1.32,False
60,9c,4441.451382637024,29.779700000000002,60328.2105,64769.69502281952,706210.9602429627,0,5118.760824203491,0.0,62895.31707763672,68014.07790184021,6237339.1069417875,6,-2567.1065776367177,-1.04,False
61,16c,57716.26319885254,27.574,20601.3747,78317.67103903503,706210.9602429627,0,68089.36333656311,0.0,22940.727949142456,91030.09128570557,6237339.1069417875,6,-2339.3532491424558,-1.11,False
62,16d,58292.95856952667,26.7451,20020.7905,78313.78220970917,706210.9602429627,0,69066.49470329285,0.0,21954.18262481689,91020.67732810974,6237339.1069417875,6,-1933.3921248168917,-1.1,False
63,6c,97.4172830581665,238.8819,3920.7977,4018.2481232406617,706210.9602429627,0,28.321266174316406,0.0,5800.450325012207,5828.771591186523,6237339.1069417875,6,-1879.652625012207,-1.48,False
64,15c,55192.34702587128,141.739,31126.7355,86319.11566605377,706210.9602429627,0,64866.57452583313,0.0,32796.112060546875,97662.68658638,6237339.1069417875,6,-1669.3765605468761,-1.05,False
65,4b,60.00492572784424,229.0102,44029.8545,44089.89256591034,706210.9602429627,0,9.464740753173828,0.0,45696.70915603638,45706.17389678955,6237339.1069417875,6,-1666.8546560363757,-1.04,False
66,4a,54.26065921783447,228.74589999999998,44085.0349,44139.32869940033,706210.9602429627,0,9.343624114990234,0.0,45696.42734527588,45705.77096939087,6237339.1069417875,6,-1611.3924452758802,-1.04,False
67,4c,65.18151760101318,228.4137,44094.9148,44160.12945778351,706210.9602429627,0,9.670019149780273,0.0,45695.2850818634,45704.95510101318,6237339.1069417875,6,-1600.3702818634047,-1.04,False
68,14c,52538.28525543213,21.8672,37698.6573,90236.97569561462,706210.9602429627,0,63460.61658859253,0.0,39230.22222518921,102690.83881378174,6237339.1069417875,6,-1531.56492518921,-1.04,False
69,25a,86876.96981430054,51.2116,12423.0227,99300.02565448303,706210.9602429627,0,100936.08903884888,0.0,13927.692651748655,114863.78169059753,6237339.1069417875,6,-1504.6699517486559,-1.12,False
70,15b,54036.13996505737,183.3628,8514.372599999999,62550.54570523987,706210.9602429627,0,64866.52755737305,0.0,9940.788507461548,74807.3160648346,6237339.1069417875,6,-1426.415907461549,-1.17,False
71,31c,96266.92185401917,307.2876,27727.5259,123994.48089420167,706210.9602429627,0,120136.88611984253,0.0,28763.85951042176,148900.74563026428,6237339.1069417875,6,-1036.3336104217597,-1.04,False
72,21c,85662.9005908966,74.6353,269.0638,85931.9975310791,706210.9602429627,0,97575.4337310791,0.0,1292.2394275665283,98867.67315864563,6237339.1069417875,6,-1023.1756275665283,-4.8,False
73,16a,56264.61052894592,32.3536,2199.027,58463.67066912842,706210.9602429627,0,66011.79647445679,0.0,3038.670301437378,69050.46677589417,6237339.1069417875,6,-839.6433014373779,-1.38,False
74,11a,13639.424729347229,84.5124,2370.2509999999997,16009.708869529724,706210.9602429627,0,11917.110443115234,0.0,3020.1210975646973,14937.231540679932,6237339.1069417875,6,-649.8700975646975,-1.27,False
75,1a,0.0,226.05630000000002,13307.708799999999,13307.741940182494,706210.9602429627,0,3.770112991333008,0.0,13941.797256469728,13945.567369461061,6237339.1069417875,6,-634.0884564697299,-1.05,False
76,5a,70.25549411773682,225.02889999999996,5886.2105,5956.499134300232,706210.9602429627,0,9.697914123535156,0.0,6451.955556869507,6461.653470993042,6237339.1069417875,6,-565.7450568695067,-1.1,False
77,5b,77.5111198425293,225.4812,5884.6176,5962.161860025024,706210.9602429627,0,13.5650634765625,0.0,6447.734594345093,6461.299657821655,6237339.1069417875,6,-563.1169943450932,-1.1,False
78,19b,80618.25675964355,90.9987,661.9024999999999,81280.19239982605,706210.9602429627,0,91049.8468875885,0.0,1143.687725067139,92193.53461265564,6237339.1069417875,6,-481.785225067139,-1.73,False
79,19c,80949.87778663635,115.76050000000001,3732.5198000000005,84682.43072681884,706210.9602429627,0,92238.42167854309,0.0,4171.523571014404,96409.9452495575,6237339.1069417875,6,-439.0037710144038,-1.12,False
80,31b,95813.2162809372,256.6949,2631.2877,98444.53712111969,706210.9602429627,0,117650.98571777344,0.0,3039.541482925415,120690.52720069885,6237339.1069417875,6,-408.2537829254152,-1.16,False
81,21b,85481.77137374878,72.9115,324.73339999999996,85806.53791393127,706210.9602429627,0,97562.71409988403,0.0,708.1320285797119,98270.84612846375,6237339.1069417875,6,-383.39862857971195,-2.18,False
82,11d,16161.219811439514,30.6618,64506.778300000005,80668.031251622,706210.9602429627,0,14941.804647445679,0.0,64817.80529022217,79759.60993766785,6237339.1069417875,6,-311.02699022216257,-1.0,False
83,24b,86725.77891349792,319.8193,1476.6985,88202.51055368042,706210.9602429627,0,99125.58960914612,0.0,1784.44242477417,100910.03203392029,6237339.1069417875,6,-307.74392477416995,-1.21,False
84,32a,96649.37152862549,18.3042,66.2945,96715.69916880799,706210.9602429627,0,120695.46461105347,0.0,185.821533203125,120881.28614425659,6237339.1069417875,6,-119.527033203125,-2.8,False
85,12b,44502.15182304382,31.0182,1342.6696,45844.85456322632,706210.9602429627,0,45746.15263938904,0.0,1458.2374095916748,47204.39004898071,6237339.1069417875,6,-115.56780959167486,-1.09,False
86,32b,96728.37312221527,11.2269,503.6764,97232.08266239776,706210.9602429627,0,120888.5395526886,0.0,598.9904403686523,121487.52999305725,6237339.1069417875,6,-95.31404036865234,-1.19,False
87,15a,53422.39713668823,355.6424,32677.8206,86100.25087687073,706210.9602429627,0,64866.39499664307,0.0,32748.32582473755,97614.72082138062,6237339.1069417875,6,-70.50522473754972,-1.0,False
88,1d,11.347746849060059,225.6971,4990.4248,5001.805687031555,706210.9602429627,0,3.750324249267578,0.0,5057.51371383667,5061.2640380859375,6237339.1069417875,6,-67.08891383667014,-1.01,False
89,1b,0.6837129592895508,225.5283,4990.1205,4990.837353141785,706210.9602429627,0,3.5903453826904297,0.0,5057.089805603027,5060.680150985718,6237339.1069417875,6,-66.96930560302735,-1.01,False
90,21a,85088.29302787781,82.1565,732.2275000000001,85820.55366806031,706210.9602429627,0,97524.33037757874,0.0,771.5015411376953,98295.83191871643,6237339.1069417875,6,-39.274041137695235,-1.05,False
91,15d,55998.72615337372,127.39470000000001,33738.4031,89737.16239355621,706210.9602429627,0,65410.614013671875,0.0,33707.92508125305,99118.53909492493,6237339.1069417875,6,30.47801874695142,1.0,True
92,11c,14723.545956611633,22.517500000000002,65940.6447,80664.22379679413,706210.9602429627,0,14071.417331695557,0.0,65692.2378540039,79763.65518569946,6237339.1069417875,6,248.40684599609813,1.0,True
93,11b,13763.889122009277,76.0213,840.3071,14604.229362191772,706210.9602429627,0,13991.509675979614,0.0,70.07479667663574,14061.58447265625,6237339.1069417875,6,770.2323033233642,11.99,True
94,19a,79123.2875585556,115.9942,2266.1784,81389.4990987381,706210.9602429627,0,91049.77869987488,0.0,1399.9242782592771,92449.70297813416,6237339.1069417875,6,866.2541217407227,1.62,True
95,8b,143.08812618255615,244.0227,30576.369400000003,30719.490666365054,706210.9602429627,0,59.07607078552246,0.0,29350.853204727173,29409.929275512695,6237339.1069417875,6,1225.5161952728304,1.04,True
96,6b,92.46630668640137,238.9925,83311.5311,83404.03054686889,706210.9602429627,0,24.360179901123047,0.0,82014.0483379364,82038.40851783752,6237339.1069417875,6,1297.4827620635915,1.02,True
97,1c,6.627774238586426,225.8255,13182.065400000001,13188.726314421083,706210.9602429627,0,3.8220882415771484,0.0,11875.479936599731,11879.302024841309,6237339.1069417875,6,1306.5854634002699,1.11,True
98,17a,58744.04299259186,13.0838,62744.300800000005,121488.37693277435,706210.9602429627,0,74895.15995979309,0.0,61078.174352645874,135973.33431243896,6237339.1069417875,6,1666.1264473541305,1.03,True
99,17e,64838.634729385376,12.5752,56638.3101,121476.97796956787,706210.9602429627,0,82301.03945732117,0.0,54923.75636100769,137224.79581832886,6237339.1069417875,6,1714.553738992312,1.03,True
100,18c,78067.25351810455,17.148,19339.3715,97406.65815828704,706210.9602429627,0,85701.11584663391,0.0,17001.067876815796,102702.1837234497,6237339.1069417875,6,2338.303623184205,1.14,True
101,13d,49931.42185211182,43.9962,55611.863600000004,105543.31859229431,706210.9602429627,0,58735.122203826904,0.0,51244.20523643494,109979.32744026184,6237339.1069417875,6,4367.658363565068,1.09,True
102,17f,67999.61314201355,13.117500000000001,42001.3434,110000.98968219603,706210.9602429627,0,82667.28353500366,0.0,37449.45955276489,120116.74308776855,6237339.1069417875,6,4551.883847235105,1.12,True
103,24a,86687.4210357666,349.8216,8458.4093,95145.8634759491,706210.9602429627,0,98874.5048046112,0.0,3134.8893642425537,102009.39416885376,6237339.1069417875,6,5323.519935757446,2.7,True
104,14b,50844.59586143494,30.605200000000004,29640.232,80484.86100161744,706210.9602429627,0,58735.00967025757,0.0,23927.70099639893,82662.7106666565,6237339.1069417875,6,5712.531003601071,1.24,True
105,18a,71713.48237991333,13.7982,24350.1765,96063.69202009583,706210.9602429627,0,83558.22682380676,0.0,18236.94944381714,101795.1762676239,6237339.1069417875,6,6113.227056182863,1.34,True
106,17c,62024.25796985626,13.636099999999999,36786.163799999995,98810.45491003877,706210.9602429627,0,79775.29740333557,0.0,28596.62652015686,108371.92392349243,6237339.1069417875,6,8189.5372798431345,1.29,True
107,17b,60682.90419578552,13.1786,38234.5274,98917.46473596801,706210.9602429627,0,79775.34008026123,0.0,28688.43460083008,108463.77468109131,6237339.1069417875,6,9546.092799169917,1.33,True
108,17d,63309.62555408478,12.6146,35553.769199999995,98863.42789426728,706210.9602429627,0,82066.7200088501,0.0,25977.153062820435,108043.87307167053,6237339.1069417875,6,9576.61613717956,1.37,True
109,30b,94029.02159690857,290.3752,19596.6981,113625.75283709106,706210.9602429627,0,114879.49323654175,0.0,700.6864547729492,115580.1796913147,6237339.1069417875,6,18896.011645227052,27.97,True
110,26a,87996.33378982544,281.9881,59438.11779999999,147434.48473000794,706210.9602429627,0,102014.38164710999,0.0,22579.500675201416,124593.8823223114,6237339.1069417875,6,36858.61712479858,2.63,True
111,20b,82734.62226390839,75.68469999999999,280147.8373,362882.4927040909,706210.9602429627,0,97410.01892089844,0.0,61000.62823295593,158410.64715385437,6237339.1069417875,6,219147.20906704408,4.59,True
112,20a,82123.39544296265,248.33450000000002,623839.2303,705962.6588831452,706210.9602429627,0,96444.29278373718,0.0,61628.97658348084,158073.26936721802,6237339.1069417875,6,562210.2537165192,10.12,True
