index,query_id,start_time_x,planning_time_x,execution_time_x,execution_start_time_x,workload_time_x,ID_x,start_time_y,planning_time_y,execution_time_y,execution_start_time_y,workload_time_y,ID_y,diff,diffratio,PN
0,19c,80949.87778663635,115.76050000000001,3732.5198000000005,84682.43072681884,706210.9602429627,0,85294.02868747711,0.0,688671.4669466019,773967.6175117493,773965.495634079,1,-684938.9471466019,-184.51,False
1,8b,143.08812618255615,244.0227,30576.369400000003,30719.490666365054,706210.9602429627,0,78.09841632843018,0.0,237152.8874874115,237233.10778141022,773965.495634079,1,-206576.5180874115,-7.76,False
2,6c,97.4172830581665,238.8819,3920.7977,4018.2481232406617,706210.9602429627,0,45.118141174316406,0.0,207549.5569229126,207596.7969417572,773965.495634079,1,-203628.7592229126,-52.94,False
3,6a,87.22190856933594,238.6576,53884.7476,53972.00264875183,706210.9602429627,0,38.05532455444336,0.0,214230.9419631958,214271.11916542053,773965.495634079,1,-160346.1943631958,-3.98,False
4,6e,108.8235855102539,239.3402,53880.52829999999,53989.38502569274,706210.9602429627,0,53.29864025115967,0.0,211736.57894134521,211791.99945926666,773965.495634079,1,-157856.0506413452,-3.93,False
5,26b,88513.5877609253,298.5154,31756.478500000005,120270.09940110779,706210.9602429627,0,138824.07031059265,0.0,187407.44366645813,326233.63585472107,773965.495634079,1,-155650.96516645813,-5.9,False
6,31a,95224.41263198853,280.8809,16824.2529,112048.69867217103,706210.9602429627,0,166359.84528064728,0.0,159581.16517066956,325943.1323289871,773965.495634079,1,-142756.91227066956,-9.49,False
7,22d,86453.53510379791,183.46620000000001,8808.833499999999,95262.4017439804,706210.9602429627,0,107210.9584569931,0.0,150891.78924560547,258104.86958026886,773965.495634079,1,-142082.95574560546,-17.13,False
8,26a,87996.33378982544,281.9881,59438.11779999999,147434.48473000794,706210.9602429627,0,133700.7818698883,0.0,199446.93126678467,333149.83501434326,773965.495634079,1,-140008.81346678466,-3.36,False
9,19d,81803.58939170837,123.78330000000001,55229.8644,137033.48693189086,706210.9602429627,0,89250.57353973389,0.0,195134.39927101135,284387.0946884155,773965.495634079,1,-139904.53487101136,-3.53,False
10,6f,113.69502544403076,238.93070000000003,93896.77709999999,94010.50526562652,706210.9602429627,0,60.13798713684082,0.0,228079.8950433731,228142.15490818024,773965.495634079,1,-134183.1179433731,-2.43,False
11,26c,89223.35364818573,287.0076,68488.5757,157711.9624883682,706210.9602429627,0,140158.65886211395,0.0,201704.2994737625,341865.08021354675,773965.495634079,1,-133215.72377376253,-2.95,False
12,6b,92.46630668640137,238.9925,83311.5311,83404.03054686889,706210.9602429627,0,41.24734401702881,0.0,214064.18771743774,214107.55693912506,773965.495634079,1,-130752.65661743775,-2.57,False
13,7a,118.53220462799072,376.64549999999997,102837.1404,102955.70574481049,706210.9602429627,0,62.89951801300049,0.0,233045.58520317078,233110.60659885406,773965.495634079,1,-130208.44480317077,-2.27,False
14,6d,103.84008884429932,238.9146,93880.1743,93984.0475290268,706210.9602429627,0,49.18704032897949,0.0,218919.19033527374,218970.499253273,773965.495634079,1,-125039.01603527374,-2.33,False
15,19a,79123.2875585556,115.9942,2266.1784,81389.4990987381,706210.9602429627,0,80347.67599105835,0.0,98898.11689853668,179247.91476726532,773965.495634079,1,-96631.93849853668,-43.64,False
16,8c,147.9816436767578,249.5801,69030.475,69178.48978385926,706210.9602429627,0,86.99913024902344,0.0,158629.89089488983,158719.01190280914,773965.495634079,1,-89599.41589488983,-2.3,False
17,13c,49329.35452461243,39.1957,5056.6362,54386.023864794915,706210.9602429627,0,51877.578806877136,0.0,87550.03607273102,139429.73675727844,773965.495634079,1,-82493.39987273102,-17.31,False
18,12b,44502.15182304382,31.0182,1342.6696,45844.85456322632,706210.9602429627,0,50949.71082210541,0.0,81597.72083759308,132549.55353736877,773965.495634079,1,-80255.05123759308,-60.77,False
19,24b,86725.77891349792,319.8193,1476.6985,88202.51055368042,706210.9602429627,0,122296.49741649628,0.0,81715.28198719025,204013.9012813568,773965.495634079,1,-80238.58348719025,-55.34,False
20,23b,86525.1256942749,146.72449999999998,814.4407,87339.5995344574,706210.9602429627,0,112276.47023200989,0.0,79808.3722114563,192086.96432113647,773965.495634079,1,-78993.93151145629,-97.99,False
21,13b,45798.14229011536,41.736000000000004,12387.9833,58186.15873029785,706210.9602429627,0,51538.98005485535,0.0,88591.20657444,140132.30850696564,773965.495634079,1,-76203.22327444001,-7.15,False
22,18a,71713.48237991333,13.7982,24350.1765,96063.69202009583,706210.9602429627,0,72402.79273986816,0.0,92557.75091648102,164962.66553401947,773965.495634079,1,-68207.57441648102,-3.8,False
23,24a,86687.4210357666,349.8216,8458.4093,95145.8634759491,706210.9602429627,0,119847.6753950119,0.0,63947.91615009308,183797.71342277527,773965.495634079,1,-55489.50685009308,-7.56,False
24,22a,85827.51471996307,178.4495,4151.3216,89978.86946014556,706210.9602429627,0,100298.7532377243,0.0,58173.38879108429,158474.26390647888,773965.495634079,1,-54022.06719108429,-14.01,False
25,4c,65.18151760101318,228.4137,44094.9148,44160.12945778351,706210.9602429627,0,25.916051864624023,0.0,96680.6714296341,96708.709359169,773965.495634079,1,-52585.756629634096,-2.19,False
26,25a,86876.96981430054,51.2116,12423.0227,99300.02565448303,706210.9602429627,0,123478.36730480194,0.0,63066.27366542816,186546.7628479004,773965.495634079,1,-50643.25096542816,-5.08,False
27,22b,86153.16135883331,175.8607,3243.511,89396.7054990158,706210.9602429627,0,101866.88208580017,0.0,53542.33360290527,155411.33756637573,773965.495634079,1,-50298.822602905275,-16.51,False
28,25c,87513.39025497437,55.5271,22837.8355,110351.25889515686,706210.9602429627,0,128230.07283210754,0.0,72466.32492542267,200698.5196352005,773965.495634079,1,-49628.48942542267,-3.17,False
29,22c,86405.0354719162,181.8827,11094.6626,97499.7312120987,706210.9602429627,0,103584.72490310669,0.0,60550.597643852234,164137.4444246292,773965.495634079,1,-49455.93504385224,-5.46,False
30,25b,87462.23170757294,46.4957,7772.7352,95235.00004775543,706210.9602429627,0,125801.2702703476,0.0,56279.870104789734,182083.26225280762,773965.495634079,1,-48507.13490478973,-7.24,False
31,13a,44569.62728500366,105.5642,42048.5248,86618.18522518616,706210.9602429627,0,51342.5671339035,0.0,90367.0889377594,141711.7779493332,773965.495634079,1,-48318.5641377594,-2.15,False
32,31b,95813.2162809372,256.6949,2631.2877,98444.53712111969,706210.9602429627,0,168679.61316108704,0.0,50714.331459999084,219396.0664987564,773965.495634079,1,-48083.043759999084,-19.27,False
33,31c,96266.92185401917,307.2876,27727.5259,123994.48089420167,706210.9602429627,0,172214.72251415253,0.0,73450.03890991211,245666.88330173492,773965.495634079,1,-45722.51300991211,-2.65,False
34,1d,11.347746849060059,225.6971,4990.4248,5001.805687031555,706210.9602429627,0,0.0,0.0,50370.463728904724,50372.58560657501,773965.495634079,1,-45380.03892890472,-10.09,False
35,1b,0.6837129592895508,225.5283,4990.1205,4990.837353141785,706210.9602429627,0,2.34224796295166,0.0,50235.171246528625,50239.635372161865,773965.495634079,1,-45245.05074652863,-10.07,False
36,13d,49931.42185211182,43.9962,55611.863600000004,105543.31859229431,706210.9602429627,0,52267.09444522858,0.0,99998.02401065826,152267.24033355713,773965.495634079,1,-44386.16041065826,-1.8,False
37,5b,77.5111198425293,225.4812,5884.6176,5962.161860025024,706210.9602429627,0,31.235957145690918,0.0,47466.26033782959,47499.61817264557,773965.495634079,1,-41581.64273782959,-8.07,False
38,1a,0.0,226.05630000000002,13307.708799999999,13307.741940182494,706210.9602429627,0,4.559516906738281,0.0,51221.85945510864,51228.54084968567,773965.495634079,1,-37914.15065510864,-3.85,False
39,10a,6494.000124931335,12.907300000000001,57115.0316,63609.06486511383,706210.9602429627,0,34230.50003051758,0.0,94213.82212638855,128446.44403457642,773965.495634079,1,-37098.79052638855,-1.65,False
40,32b,96728.37312221527,11.2269,503.6764,97232.08266239776,706210.9602429627,0,181898.58655929565,0.0,37555.900740623474,219456.60917758942,773965.495634079,1,-37052.22434062348,-74.56,False
41,4a,54.26065921783447,228.74589999999998,44085.0349,44139.32869940033,706210.9602429627,0,16.71421527862549,0.0,80270.70291042328,80289.53900337219,773965.495634079,1,-36185.66801042328,-1.82,False
42,1c,6.627774238586426,225.8255,13182.065400000001,13188.726314421083,706210.9602429627,0,1.230788230895996,0.0,47396.13285064697,47399.48551654816,773965.495634079,1,-34214.06745064697,-3.6,False
43,29b,91030.10265827179,504.4417,4186.1795,95216.31529845428,706210.9602429627,0,158140.8777475357,0.0,35155.68025112152,193298.67987632751,773965.495634079,1,-30969.500751121523,-8.4,False
44,14c,52538.28525543213,21.8672,37698.6573,90236.97569561462,706210.9602429627,0,57268.79017353058,0.0,66898.56052398682,124169.47257518768,773965.495634079,1,-29199.903223986817,-1.77,False
45,28a,90133.5274219513,364.9561,26180.7605,116314.3210621338,706210.9602429627,0,145113.33367824554,0.0,52230.06658554077,197345.5221414566,773965.495634079,1,-26049.30608554077,-1.99,False
46,28b,90235.06803512573,364.4139,21758.2393,111993.34047530821,706210.9602429627,0,149598.9445924759,0.0,46314.02065753937,195915.08712768555,773965.495634079,1,-24555.781357539367,-2.13,False
47,4b,60.00492572784424,229.0102,44029.8545,44089.89256591034,706210.9602429627,0,21.86758518218994,0.0,62941.534948349,62965.52441120148,773965.495634079,1,-18911.680448348998,-1.43,False
48,32a,96649.37152862549,18.3042,66.2945,96715.69916880799,706210.9602429627,0,177007.45849609375,0.0,17936.18540763855,194945.7657814026,773965.495634079,1,-17869.89090763855,-270.55,False
49,18c,78067.25351810455,17.148,19339.3715,97406.65815828704,706210.9602429627,0,74216.87369346619,0.0,35794.85237598419,110013.84794712067,773965.495634079,1,-16455.48087598419,-1.85,False
50,30c,94606.03966712952,312.75120000000004,10340.1929,104946.265707312,706210.9602429627,0,165189.06185626984,0.0,24896.84064388275,190088.02437782288,773965.495634079,1,-14556.647743882751,-2.41,False
51,8d,152.85241603851318,250.34769999999997,57781.8819,57934.76745622101,706210.9602429627,0,86.33415699005127,0.0,68105.29017448425,68193.74620914459,773965.495634079,1,-10323.408274484253,-1.18,False
52,9b,163.50507736206055,353.7022,53746.697,53910.235217544556,706210.9602429627,0,94.77851390838623,0.0,63770.29831409454,63867.19870567322,773965.495634079,1,-10023.601314094543,-1.19,False
53,14a,50601.64761543274,33.6323,39079.695400000004,89681.37615561523,706210.9602429627,0,52968.49992275238,0.0,48668.328976631165,101638.95077705383,773965.495634079,1,-9588.63357663116,-1.25,False
54,29a,90575.29788017273,478.5312,306.9736,90882.30462035522,706210.9602429627,0,155503.11725139618,0.0,6575.757527351379,162080.99665641785,773965.495634079,1,-6268.783927351379,-21.42,False
55,28c,90385.10890007019,390.8655,47508.452399999995,137893.5944402527,706210.9602429627,0,151890.92800617218,0.0,51865.91010093689,203758.95998477936,773965.495634079,1,-4357.457700936895,-1.09,False
56,30a,93503.52466106415,298.591,6397.962799999999,99901.52060124665,706210.9602429627,0,162818.21439266205,0.0,8817.812848091125,171638.14911842346,773965.495634079,1,-2419.850048091126,-1.38,False
57,21b,85481.77137374878,72.9115,324.73339999999996,85806.53791393127,706210.9602429627,0,97898.26257228851,0.0,1819.0499544143677,99719.43440437317,773965.495634079,1,-1494.3165544143676,-5.6,False
58,14b,50844.59586143494,30.605200000000004,29640.232,80484.86100161744,706210.9602429627,0,54143.48969459534,0.0,30435.37459373474,84580.98616600037,773965.495634079,1,-795.1425937347412,-1.03,False
59,23a,86483.36894512177,175.4496,820.406,87303.80808530425,706210.9602429627,0,110807.50465393066,0.0,1483.32040309906,112292.94693470001,773965.495634079,1,-662.9144030990601,-1.81,False
60,27b,89870.97346782684,302.3261,66.9555,89937.96210800935,706210.9602429627,0,143758.02614688873,0.0,716.0401105880737,144476.1881351471,773965.495634079,1,-649.0846105880737,-10.69,False
61,27a,89631.90279006958,307.49760000000003,186.4996,89818.43553025209,706210.9602429627,0,143030.66828250885,0.0,733.8974475860596,143766.6876077652,773965.495634079,1,-547.3978475860596,-3.94,False
62,27c,90030.33385276794,325.1735,218.89989999999997,90249.26689295044,706210.9602429627,0,144358.70473384857,0.0,755.2142858505249,145116.04089736938,773965.495634079,1,-536.3143858505249,-3.45,False
63,33b,97171.55702114105,318.14700000000005,66.87100000000001,97238.46116132355,706210.9602429627,0,184928.80697250366,0.0,525.1620769500732,185456.09092712402,773965.495634079,1,-458.29107695007326,-7.85,False
64,5a,70.25549411773682,225.02889999999996,5886.2105,5956.499134300232,706210.9602429627,0,29.316353797912598,0.0,6318.888521194458,6350.326752662659,773965.495634079,1,-432.67802119445787,-1.07,False
65,33a,96935.351395607,367.2903,87.0572,97022.44173578949,706210.9602429627,0,184511.89126968384,0.0,507.5313329696655,185021.5444803238,773965.495634079,1,-420.47413296966556,-5.83,False
66,23c,86618.60790252686,161.6453,1254.1396,87872.78064270935,706210.9602429627,0,118665.35294055939,0.0,1624.349856376648,120291.82467460632,773965.495634079,1,-370.210256376648,-1.3,False
67,21c,85662.9005908966,74.6353,269.0638,85931.9975310791,706210.9602429627,0,99648.81381988525,0.0,576.4726400375366,100227.40833759308,773965.495634079,1,-307.4088400375366,-2.14,False
68,29c,92138.99230957031,552.7228,4204.0126,96343.03804975281,706210.9602429627,0,161282.31146335602,0.0,4438.81299495697,165723.24633598328,773965.495634079,1,-234.8003949569702,-1.06,False
69,21a,85088.29302787781,82.1565,732.2275000000001,85820.55366806031,706210.9602429627,0,96552.50461101532,0.0,904.6207427978516,97459.24723148346,773965.495634079,1,-172.39324279785149,-1.24,False
70,19b,80618.25675964355,90.9987,661.9024999999999,81280.19239982605,706210.9602429627,0,84638.769698143,0.0,684.283709526062,85325.17528533936,773965.495634079,1,-22.381209526062094,-1.03,False
71,33c,97306.37540817261,349.931,621.879,97928.2875483551,706210.9602429627,0,185302.3503780365,0.0,586.3078117370605,185890.78006744385,773965.495634079,1,35.57118826293947,1.06,True
72,11b,13763.889122009277,76.0213,840.3071,14604.229362191772,706210.9602429627,0,49979.59067821503,0.0,187.21344470977783,50168.92600059509,773965.495634079,1,653.0936552902222,4.49,True
73,16a,56264.61052894592,32.3536,2199.027,58463.67066912842,706210.9602429627,0,63104.21211719513,0.0,1312.4265670776367,64418.760561943054,773965.495634079,1,886.6004329223633,1.68,True
74,11a,13639.424729347229,84.5124,2370.2509999999997,16009.708869529724,706210.9602429627,0,48872.51019477844,0.0,1441.3583755493164,50315.99044799805,773965.495634079,1,928.8926244506833,1.64,True
75,2a,23.564839363098145,229.1071,52365.1426,52388.74057954559,706210.9602429627,0,4.416990280151367,0.0,51353.336334228516,51359.875202178955,773965.495634079,1,1011.8062657714836,1.02,True
76,2d,33.130764961242676,229.32600000000002,52439.6834,52472.84730514374,706210.9602429627,0,4.026055335998535,0.0,51422.28126525879,51428.429198265076,773965.495634079,1,1017.4021347412126,1.02,True
77,2b,25.27027130126953,229.06599999999997,52363.505099999995,52388.80851148376,706210.9602429627,0,2.248072624206543,0.0,51319.44191455841,51323.811864852905,773965.495634079,1,1044.0631854415842,1.02,True
78,5c,82.44123458862305,225.5718,55822.51700000001,55904.991374771125,706210.9602429627,0,35.14144420623779,0.0,54251.67202949524,54288.935351371765,773965.495634079,1,1570.8449705047678,1.03,True
79,16b,56542.16585159302,32.5131,89970.4877,146512.6866917755,706210.9602429627,0,63519.89505290985,0.0,86859.70108509064,150381.71801567078,773965.495634079,1,3110.7866149093607,1.04,True
80,17e,64838.634729385376,12.5752,56638.3101,121476.97796956787,706210.9602429627,0,70684.64434146881,0.0,53298.68288040161,123985.44909954071,773965.495634079,1,3339.627219598391,1.06,True
81,8a,137.76488304138184,246.05149999999998,66336.1502,66473.94822322388,706210.9602429627,0,87.82761096954346,0.0,62484.405755996704,62574.355244636536,773965.495634079,1,3851.7444440032996,1.06,True
82,9d,6475.3496170043945,31.9848,106329.28689999999,112804.66965718688,706210.9602429627,0,24727.832865715027,0.0,101695.8889245987,126425.84366798401,773965.495634079,1,4633.397975401298,1.05,True
83,17f,67999.61314201355,13.117500000000001,42001.3434,110000.98968219603,706210.9602429627,0,71973.74255657196,0.0,35677.10702419281,107652.97145843506,773965.495634079,1,6324.236375807188,1.18,True
84,15b,54036.13996505737,183.3628,8514.372599999999,62550.54570523987,706210.9602429627,0,61474.920535087585,0.0,694.3770170211792,62171.41942977905,773965.495634079,1,7819.99558297882,12.26,True
85,17a,58744.04299259186,13.0838,62744.300800000005,121488.37693277435,706210.9602429627,0,65350.32284259796,0.0,53948.108649253845,119300.5533695221,773965.495634079,1,8796.19215074616,1.16,True
86,18b,75785.84699630737,12.7774,10415.798200000001,86201.67833648986,706210.9602429627,0,73389.02518749237,0.0,872.5265979766846,74263.67366313934,773965.495634079,1,9543.271602023317,11.94,True
87,17d,63309.62555408478,12.6146,35553.769199999995,98863.42789426728,706210.9602429627,0,68578.30801010132,0.0,23122.001147270203,91702.43103504181,773965.495634079,1,12431.768052729793,1.54,True
88,16c,57716.26319885254,27.574,20601.3747,78317.67103903503,706210.9602429627,0,64242.97208786011,0.0,8080.365252494812,72325.45921802521,773965.495634079,1,12521.009447505188,2.55,True
89,16d,58292.95856952667,26.7451,20020.7905,78313.78220970917,706210.9602429627,0,64795.22325992584,0.0,7361.675000190735,72159.02013778687,773965.495634079,1,12659.115499809264,2.72,True
90,17c,62024.25796985626,13.636099999999999,36786.163799999995,98810.45491003877,706210.9602429627,0,67745.94085216522,0.0,23492.413878440857,91240.47660827637,773965.495634079,1,13293.749921559138,1.57,True
91,17b,60682.90419578552,13.1786,38234.5274,98917.46473596801,706210.9602429627,0,66910.68868637085,0.0,24840.11468887329,91752.92525291443,773965.495634079,1,13394.412711126708,1.54,True
92,7b,123.59316349029541,377.0274,71723.26389999999,71846.89020367278,706210.9602429627,0,65.85898399353027,0.0,56914.61818218231,56982.59904384613,773965.495634079,1,14808.645717817679,1.26,True
93,9c,4441.451382637024,29.779700000000002,60328.2105,64769.69502281952,706210.9602429627,0,6350.203657150269,0.0,42503.145146369934,48855.47068119049,773965.495634079,1,17825.065353630067,1.42,True
94,30b,94029.02159690857,290.3752,19596.6981,113625.75283709106,706210.9602429627,0,164100.1284122467,0.0,1413.8610124588013,165516.1113023758,773965.495634079,1,18182.8370875412,13.86,True
95,9a,157.88066387176514,355.5464,53747.8214,53905.73520405426,706210.9602429627,0,90.4853343963623,0.0,34120.245814323425,34212.853026390076,773965.495634079,1,19627.575585676575,1.58,True
96,12c,44561.13893985748,29.8779,41734.1599,86295.33198003998,706210.9602429627,0,51289.33913707733,0.0,21808.02183151245,73099.48284626007,773965.495634079,1,19926.138068487548,1.91,True
97,3c,48.9579439163208,228.5867,86180.17929999999,86229.1703840988,706210.9602429627,0,12.670755386352539,0.0,63435.805678367615,63450.598311424255,773965.495634079,1,22744.373621632374,1.36,True
98,3b,44.10042762756348,228.31109999999998,85927.1002,85971.23376781006,706210.9602429627,0,11.523914337158203,0.0,63138.11445236206,63151.76024436951,773965.495634079,1,22788.98574763794,1.36,True
99,3a,39.58108425140381,228.5232,86049.7393,86089.3535244339,706210.9602429627,0,10.476326942443848,0.0,61425.539565086365,61438.1377696991,773965.495634079,1,24624.199734913636,1.4,True
100,15d,55998.72615337372,127.39470000000001,33738.4031,89737.16239355621,706210.9602429627,0,62338.12663555145,0.0,8402.55491733551,70742.80343055725,773965.495634079,1,25335.848182664493,4.02,True
101,15c,55192.34702587128,141.739,31126.7355,86319.11566605377,706210.9602429627,0,61912.933683395386,0.0,5725.264883041382,67640.32044410706,773965.495634079,1,25401.470616958617,5.44,True
102,11c,14723.545956611633,22.517500000000002,65940.6447,80664.22379679413,706210.9602429627,0,50073.21152687073,0.0,40491.89145565033,90567.22486019135,773965.495634079,1,25448.753244349675,1.63,True
103,2c,28.713202476501465,228.8462,52360.8177,52389.564042658996,706210.9602429627,0,1.1240720748901367,0.0,24498.941612243652,24502.18756198883,773965.495634079,1,27861.876087756347,2.14,True
104,7c,132.57505893707275,379.34389999999996,132906.3939,133039.00209911956,706210.9602429627,0,69.89502906799316,0.0,104438.29956054688,104510.31646728516,773965.495634079,1,28468.09433945312,1.27,True
105,15a,53422.39713668823,355.6424,32677.8206,86100.25087687073,706210.9602429627,0,60406.42144680023,0.0,3312.2018098831177,63720.74513435364,773965.495634079,1,29365.61879011688,9.87,True
106,12a,31089.148473739624,25.0584,55056.455,86145.63661392212,706210.9602429627,0,50585.21122932434,0.0,15898.178505897522,66485.51161289215,773965.495634079,1,39158.27649410248,3.46,True
107,10c,6810.674071311951,14.174299999999999,51346.3154,58157.022611494445,706210.9602429627,0,47545.210337638855,0.0,5274.238324165344,52821.57053947449,773965.495634079,1,46072.077075834655,9.74,True
108,10b,6810.616850852966,13.5659,50580.941399999996,57391.59139103546,706210.9602429627,0,47431.70459270477,0.0,4112.672328948975,51546.498799324036,773965.495634079,1,46468.26907105102,12.3,True
109,11d,16161.219811439514,30.6618,64506.778300000005,80668.031251622,706210.9602429627,0,50426.285433769226,0.0,1585.6466054916382,52014.05391693115,773965.495634079,1,62921.13169450837,40.68,True
110,20c,83904.38289642334,75.4269,287970.74210000003,371875.15813660587,706210.9602429627,0,92503.74021530151,0.0,201271.46997451782,293777.3320674896,773965.495634079,1,86699.27212548221,1.43,True
111,20b,82734.62226390839,75.68469999999999,280147.8373,362882.4927040909,706210.9602429627,0,91751.40385627747,0.0,191044.2334651947,282797.75919914246,773965.495634079,1,89103.60383480531,1.47,True
112,20a,82123.39544296265,248.33450000000002,623839.2303,705962.6588831452,706210.9602429627,0,90854.63185310364,0.0,197390.58952331543,288247.34325408936,773965.495634079,1,426448.6407766846,3.16,True
