index,query_id,start_time,planning_time,execution_time,execution_start_time,workload_time,ID
0,query5,0.0,0.0,2561.412572860718,2562.204933166504,3511999.18282032,1
1,query7,0.9886503219604492,0.0,1791.0788774490356,1792.8598880767822,3511999.18282032,1
2,query4,1.295638084411621,0.0,3874.815607070923,3876.9036054611206,3511999.18282032,1
3,query1,1.4594793319702148,0.0,1619.8827028274536,1622.13454246521,3511999.18282032,1
4,query6,1.5539884567260742,0.0,1944.040584564209,1946.3869333267212,3511999.18282032,1
5,query3,1.5639781951904297,0.0,4055.400323867798,4057.7566623687744,3511999.18282032,1
6,query2,1.7505168914794922,0.0,3265.9791469573975,3268.522024154663,3511999.18282032,1
7,query8,2.190423011779785,0.0,2805.4980754852295,2808.4808588027954,3511999.18282032,1
8,query9,2.6353836059570312,0.0,2723.953127861023,2727.380871772766,3511999.18282032,1
9,query11,10.699701309204102,0.0,2373.7282752990723,2385.2203369140625,3511999.18282032,1
10,query10,13.402962684631348,0.0,3798.0613708496094,3812.256693840027,3511999.18282032,1
11,query12,14.094853401184082,0.0,2729.7032833099365,2744.5904970169067,3511999.18282032,1
12,query13,17.906832695007324,0.0,1808.396291732788,1827.0954847335815,3511999.18282032,1
13,query14,22.28717803955078,0.0,1791.6385412216187,1814.7180795669556,3511999.18282032,1
14,query15,27.246904373168945,0.0,6588.941955566406,6616.981220245361,3511999.18282032,1
15,query16,32.14719295501709,0.0,1849.5190858840942,1882.4586391448975,3511999.18282032,1
16,query17,36.40091419219971,0.0,1537.6550436019897,1574.8483180999756,3511999.18282032,1
17,query18,41.07348918914795,0.0,2492.134213447571,2534.000062942505,3511999.18282032,1
18,query19,46.72248363494873,0.0,1682.259202003479,1729.7740459442139,3511999.18282032,1
19,query20,50.957536697387695,0.0,2668.85769367218,2720.607590675354,3511999.18282032,1
20,query21,55.408453941345215,0.0,2234.856081008911,2291.0568952560425,3511999.18282032,1
21,query22,60.10620594024658,0.0,3368.4975147247314,3429.396080970764,3511999.18282032,1
22,query23,64.93046283721924,0.0,2045.4965353012085,2111.219358444214,3511999.18282032,1
23,query24,69.84891891479492,0.0,1737.7099752426147,1808.3512544631958,3511999.18282032,1
24,query25,74.33407306671143,0.0,3652.2682905197144,3727.394723892212,3511999.18282032,1
25,query26,78.82285118103027,0.0,1833.8761568069458,1913.4913682937622,3511999.18282032,1
26,query27,83.71176719665527,0.0,1979.5843601226807,2064.088487625122,3511999.18282032,1
27,query28,88.11099529266357,0.0,2958.1316709518433,3047.035026550293,3511999.18282032,1
28,query29,93.33949089050293,0.0,3508.554530143738,3602.686381340027,3511999.18282032,1
29,query30,97.61264324188232,0.0,196088.78831863403,196187.1933221817,3511999.18282032,1
30,query31,105.59773445129395,0.0,8756.165432929993,8862.555527687073,3511999.18282032,1
31,query32,109.1693639755249,0.0,51990.910482406616,52100.87220668793,3511999.18282032,1
32,query33,1431.157398223877,0.0,1309.0369701385498,2740.986728668213,3511999.18282032,1
33,query34,1746.5458393096924,0.0,195249.1896390915,196996.52783870697,3511999.18282032,1
34,query35,1749.887752532959,0.0,9530.078387260437,11280.758500099182,3511999.18282032,1
35,query36,1765.323281288147,0.0,499.1546392440796,2265.2702808380127,3511999.18282032,1
36,query37,1768.5600280761719,0.0,3795.6249952316284,5564.977383613586,3511999.18282032,1
37,query38,1794.9317455291748,0.0,37261.35325431824,39057.0773601532,3511999.18282032,1
38,query39,1818.9857006072998,0.0,4430.138969421387,6249.917030334473,3511999.18282032,1
39,query40,1843.0777311325073,0.0,471.8066215515137,2315.676712989807,3511999.18282032,1
40,query41,1868.0344820022583,0.0,176.5660047531128,2045.3928470611572,3511999.18282032,1
41,query42,1922.5619077682495,0.0,1944.7336673736572,3868.087935447693,3511999.18282032,1
42,query43,1961.2735748291016,0.0,1312.9175186157227,3274.9834537506104,3511999.18282032,1
43,query44,1999.9083757400513,0.0,4075.881004333496,6076.5817403793335,3511999.18282032,1
44,query45,2060.5323553085327,0.0,1204.2537212371826,3265.5784368515015,3511999.18282032,1
45,query46,2120.909285545349,0.0,1710.9495639801025,3832.651209831238,3511999.18282032,1
46,query47,2153.91309261322,0.0,37009.992599487305,39164.69805240631,3511999.18282032,1
47,query48,2179.8995971679688,0.0,621.2222099304199,2801.914167404175,3511999.18282032,1
48,query49,2231.936764717102,0.0,12603.634095191956,14836.363220214844,3511999.18282032,1
49,query50,2295.2396631240845,0.0,3284.347438812256,5580.3794622421265,3511999.18282032,1
50,query51,2337.1721267700195,0.0,80784.59231853485,83122.55680561066,3511999.18282032,1
51,query52,2403.2763957977295,0.0,103588.65549564362,105992.72425174713,3511999.18282032,1
52,query53,2498.685884475708,0.0,1293.5473918914795,3793.0256366729736,3511999.18282032,1
53,query54,2554.0136575698853,0.0,186.41769886016846,2741.22371673584,3511999.18282032,1
54,query55,2628.4688234329224,0.0,79.96068000793457,2709.221863746643,3511999.18282032,1
55,query56,2691.754150390625,0.0,869.8670864105225,3562.4135971069336,3511999.18282032,1
56,query57,2726.841425895691,0.0,331.8850517272949,3059.518837928772,3511999.18282032,1
57,query58,2786.853575706482,0.0,3509212.3292446136,3511999.975180626,3511999.18282032,1
58,query59,2843.3202981948853,0.0,60823.45509529114,63667.56775379181,3511999.18282032,1
59,query60,2941.3978099823,0.0,7270.69354057312,10212.883710861206,3511999.18282032,1
60,query61,2996.2979793548584,0.0,1125.7737874984741,4122.864127159119,3511999.18282032,1
61,query62,3074.100089073181,0.0,514.5673274993896,3589.459776878357,3511999.18282032,1
62,query63,3142.253804206848,0.0,277.0968437194824,3420.1430082321167,3511999.18282032,1
63,query64,3228.9929628372192,0.0,2452.3712635040283,5682.156586647034,3511999.18282032,1
64,query65,3281.5521478652954,0.0,638.850212097168,3921.1947202682495,3511999.18282032,1
65,query66,3351.652669906616,0.0,5344.449186325073,8696.894216537476,3511999.18282032,1
66,query67,3415.399217605591,0.0,238.2690191268921,3654.460597038269,3511999.18282032,1
67,query68,3466.3822412490845,0.0,259718.56858730316,263185.74318885803,3511999.18282032,1
68,query69,3512.9162549972534,0.0,58309.58499908447,61823.29361438751,3511999.18282032,1
69,query70,3586.1374139785767,0.0,134325.68275928497,137912.61253356934,3511999.18282032,1
70,query71,3645.410370826721,0.0,57373.41513633728,61019.61786746979,3511999.18282032,1
71,query72,3688.82954120636,0.0,4223.810648918152,7913.432550430298,3511999.18282032,1
72,query73,3746.6882705688477,0.0,1909.0802431106567,5656.5608739852905,3511999.18282032,1
73,query74,3800.378632545471,0.0,2650.7488012313843,6451.919794082642,3511999.18282032,1
74,query75,3955.2916765213013,0.0,4919.485926628113,8875.5699634552,3511999.18282032,1
75,query76,4091.037678718567,0.0,2435.1510763168335,6526.9811153411865,3511999.18282032,1
76,query77,4251.7316818237305,0.0,13859.880495071411,18112.404537200928,3511999.18282032,1
77,query78,4473.053550720215,0.0,1750.4273891448975,6224.273300170898,3511999.18282032,1
78,query79,4646.87716960907,0.0,3532.9845666885376,8180.654096603394,3511999.18282032,1
79,query80,4876.3831615448,0.0,1366.9484853744507,6244.124007225037,3511999.18282032,1
80,query81,5218.08488368988,0.0,794.8657512664795,6013.742995262146,3511999.18282032,1
81,query82,5420.588541030884,0.0,1011.3019227981567,6432.682824134827,3511999.18282032,1
82,query83,5638.664293289185,0.0,1396.2219715118408,7035.6786251068115,3511999.18282032,1
83,query84,5881.62841796875,0.0,7775.587034225464,13658.0078125,3511999.18282032,1
84,query85,5995.411038398743,0.0,26553.4428358078,32549.64623451233,3511999.18282032,1
85,query86,6126.633286476135,0.0,2261.8497610092163,8389.275407791138,3511999.18282032,1
86,query87,6282.432246208191,0.0,792.2133922576904,7075.4379987716675,3511999.18282032,1
87,query88,6383.648633956909,0.0,5429.429507255554,11813.87050151825,3511999.18282032,1
88,query89,6533.240985870361,0.0,1019.1602945327759,7553.193640708923,3511999.18282032,1
89,query90,6644.5966720581055,0.0,1295.5145120620728,7940.903544425964,3511999.18282032,1
90,query91,6747.634434700012,0.0,2023.5704183578491,8771.997213363647,3511999.18282032,1
91,query92,6887.174963951111,0.0,960.7357025146484,7848.703026771545,3511999.18282032,1
92,query93,7099.744272232056,0.0,3720.795249938965,10821.331882476807,3511999.18282032,1
93,query94,7259.219264984131,0.0,2944.079351425171,10204.090976715088,3511999.18282032,1
94,query95,7393.638348579407,0.0,3972.36328125,11366.793990135193,3511999.18282032,1
95,query96,7560.563850402832,0.0,2924.501872062683,10485.858082771301,3511999.18282032,1
96,query97,7744.910311698914,0.0,34639.58451747894,42385.28718948364,3511999.18282032,1
97,query98,7852.361702919006,0.0,29290.75572490692,37143.909788131714,3511999.18282032,1
98,query99,8128.054356575012,0.0,1237.2458696365356,9366.092586517334,3511999.18282032,1
99,query100,8376.850199699402,0.0,800.9750604629517,9178.61762046814,3511999.18282032,1
100,query101,8552.319955825806,0.0,1164.8853540420532,9717.997670173645,3511999.18282032,1
101,query102,8781.294894218445,0.0,1972.3933935165405,10754.480648040771,3511999.18282032,1
102,query103,9001.663970947266,0.0,1040.4491901397705,10042.905521392822,3511999.18282032,1
103,query104,9128.200674057007,0.0,37767.294335365295,46896.28736972809,3511999.18282032,1
104,query105,9285.517954826355,0.0,73302.18939781189,82588.49971294403,3511999.18282032,1
105,query106,9445.136880874634,0.0,8322.75755405426,17768.68679523468,3511999.18282032,1
106,query107,9566.774368286133,0.0,207615.3641462326,217182.93087482452,3511999.18282032,1
107,query108,9719.090867042542,0.0,216288.55686187744,226008.44008922577,3511999.18282032,1
108,query109,9848.237299919128,0.0,1878.1458377838135,11727.175498008728,3511999.18282032,1
109,query110,9985.369205474854,0.0,1662.0546340942383,11648.216199874878,3511999.18282032,1
110,query111,10146.993160247803,0.0,4088.733172416687,14236.518692970276,3511999.18282032,1
111,query112,10452.73060798645,0.0,2158.2263708114624,12611.749339103699,3511999.18282032,1
112,query113,10695.199608802795,0.0,22792.22493171692,33488.2169008255,3511999.18282032,1
113,query114,10940.916514396667,0.0,12048.8130569458,22990.521931648254,3511999.18282032,1
114,query115,11224.767327308655,0.0,39453.71530056,50679.27498817444,3511999.18282032,1
115,query116,11495.42601108551,0.0,2856.478691101074,14352.69706249237,3511999.18282032,1
116,query117,11695.24610042572,0.0,1738.1009101867676,13434.139370918274,3511999.18282032,1
117,query118,12176.915884017944,0.0,2034.9390506744385,14212.647294998169,3511999.18282032,1
118,query119,12527.071952819824,0.0,2398.045325279236,14925.909638404846,3511999.18282032,1
119,query120,12956.937074661255,0.0,2893501.765370369,2906459.494805336,3511999.18282032,1
120,query121,13326.914691925049,0.0,9050.724577903748,22378.431630134583,3511999.18282032,1
121,query122,13726.30307674408,0.0,3221443.706011772,3235170.801448822,3511999.18282032,1
122,query123,14069.065070152283,0.0,89309.70511436462,103379.5625448227,3511999.18282032,1
123,query124,14586.380124092102,0.0,18359.34250354767,32946.51498794556,3511999.18282032,1
124,query125,15218.692874908447,0.0,809.3518972396851,16028.837132453918,3511999.18282032,1
125,query126,15627.046847343445,0.0,1090.836238861084,16718.675446510315,3511999.18282032,1
126,query127,16188.970303535461,0.0,1606.9592237472534,17796.7218875885,3511999.18282032,1
127,query128,16556.854915618896,0.0,2468.3091163635254,19025.956392288208,3511999.18282032,1
128,query129,16869.54278945923,0.0,3404.150605201721,20274.485754966736,3511999.18282032,1
129,query130,17876.365399360657,0.0,602.1879196166992,18479.345679283142,3511999.18282032,1
130,query131,18224.22797679901,0.0,10420.850563049316,28645.870900154114,3511999.18282032,1
131,query132,18530.560421943665,0.0,27942.37678050995,46473.7295627594,3511999.18282032,1
132,query133,19207.539534568787,0.0,71107.80110359192,90316.13299846649,3511999.18282032,1
133,query134,20383.33990573883,0.0,30128.287291526794,50512.41955757141,3511999.18282032,1
134,query135,21674.439334869385,0.0,538819.0982580185,560494.3299531937,3511999.18282032,1
135,query136,23403.56571674347,0.0,146308.6762189865,169713.03429603577,3511999.18282032,1
136,query137,25151.56626701355,0.0,504.12352085113525,25656.48214817047,3511999.18282032,1
137,query138,25572.385597229004,0.0,16373.402690887451,41946.58064842224,3511999.18282032,1
138,query139,26356.006717681885,0.0,2294.459104537964,28651.258182525635,3511999.18282032,1
139,query140,27584.00101661682,0.0,101527.43330001831,129112.22667694092,3511999.18282032,1
140,query141,28642.528533935547,0.0,94208.42237472534,122851.74326896667,3511999.18282032,1
141,query142,30494.842100143433,0.0,97478.64007949829,127974.27453994751,3511999.18282032,1
142,query143,33475.70152282715,0.0,110064.73546028137,143541.2293434143,3511999.18282032,1
143,query144,36236.78731918335,0.0,12762.226510047913,48999.80618953705,3511999.18282032,1
144,query145,39235.321950912476,0.0,3154.4909954071045,42390.605306625366,3511999.18282032,1
145,query146,41287.47968673706,0.0,2895.696496963501,44183.96854400635,3511999.18282032,1
