index,query_id,start_time_x,planning_time_x,execution_time_x,execution_start_time_x,workload_time_x,ID_x,start_time_y,planning_time_y,execution_time_y,execution_start_time_y,workload_time_y,ID_y,diff,diffratio,PN
0,9c,4441.451382637024,29.779700000000002,60328.2105,64769.69502281952,706210.9602429627,0,4498.167824745178,7.847800000000001,78077.6599,82576.04704599609,125135.51243338012,2,-17749.449399999998,-1.29,False
1,29c,92138.99230957031,552.7228,4204.0126,96343.03804975281,706210.9602429627,0,75375.06155967712,61.483799999999995,14718.5815,90093.86238092804,125135.51243338012,2,-10514.5689,-3.5,False
2,30c,94606.03966712952,312.75120000000004,10340.1929,104946.265707312,706210.9602429627,0,76312.35435009003,69.4733,20815.1282,97127.70187134095,125135.51243338012,2,-10474.9353,-2.01,False
3,19d,81803.58939170837,123.78330000000001,55229.8644,137033.48693189086,706210.9602429627,0,64715.59343338013,29.8842,60390.0348,125105.84755463104,125135.51243338012,2,-5160.170400000003,-1.09,False
4,5c,82.44123458862305,225.5718,55822.51700000001,55904.991374771125,706210.9602429627,0,70.52104473114014,105.346,60545.9163,60616.65666598205,125135.51243338012,2,-4723.39929999999,-1.08,False
5,33b,97171.55702114105,318.14700000000005,66.87100000000001,97238.46116132355,706210.9602429627,0,78258.85772705078,27.032100000000003,4061.0369999999994,82320.1140483017,125135.51243338012,2,-3994.1659999999993,-60.73,False
6,6e,108.8235855102539,239.3402,53880.52829999999,53989.38502569274,706210.9602429627,0,94.78225708007812,186.1523,57009.548800000004,57104.550378331,125135.51243338012,2,-3129.0205000000133,-1.06,False
7,6a,87.22190856933594,238.6576,53884.7476,53972.00264875183,706210.9602429627,0,75.21243095397949,189.20499999999998,57012.492000000006,57087.9237522049,125135.51243338012,2,-3127.744400000003,-1.06,False
8,22d,86453.53510379791,183.46620000000001,8808.833499999999,95262.4017439804,706210.9602429627,0,69321.57964706421,16.1741,11918.3853,81240.18426831512,125135.51243338012,2,-3109.551800000001,-1.35,False
9,23c,86618.60790252686,161.6453,1254.1396,87872.78064270935,706210.9602429627,0,71218.81687641144,30.977600000000002,3966.3097000000002,75185.34589766237,125135.51243338012,2,-2712.1701000000003,-3.16,False
10,23a,86483.36894512177,175.4496,820.406,87303.80808530425,706210.9602429627,0,70397.5163936615,8.7452,3134.7573,73532.49301491241,125135.51243338012,2,-2314.3513000000003,-3.82,False
11,16c,57716.26319885254,27.574,20601.3747,78317.67103903503,706210.9602429627,0,54400.3142118454,29.674599999999998,22890.2521,77290.78563309631,125135.51243338012,2,-2288.877400000001,-1.11,False
12,9a,157.88066387176514,355.5464,53747.8214,53905.73520405426,706210.9602429627,0,150.08878707885742,333.432,55998.4968,56148.804908329774,125135.51243338012,2,-2250.6754,-1.04,False
13,9b,163.50507736206055,353.7022,53746.697,53910.235217544556,706210.9602429627,0,154.63902950286865,326.675,55988.59939999999,56143.457750753776,125135.51243338012,2,-2241.9023999999918,-1.04,False
14,22b,86153.16135883331,175.8607,3243.511,89396.7054990158,706210.9602429627,0,68165.48008918762,22.7362,5401.6364,73567.33581043853,125135.51243338012,2,-2158.1254000000004,-1.67,False
15,23b,86525.1256942749,146.72449999999998,814.4407,87339.5995344574,706210.9602429627,0,70779.14950847626,37.131099999999996,2272.7857,73052.15452972717,125135.51243338012,2,-1458.3449999999998,-2.79,False
16,19c,80949.87778663635,115.76050000000001,3732.5198000000005,84682.43072681884,706210.9602429627,0,63504.66206073761,21.624299999999998,5147.8089,68652.69028198853,125135.51243338012,2,-1415.2890999999995,-1.38,False
17,22a,85827.51471996307,178.4495,4151.3216,89978.86946014556,706210.9602429627,0,67885.26411056519,16.6058,5536.039,73421.5224318161,125135.51243338012,2,-1384.7173999999995,-1.33,False
18,8b,143.08812618255615,244.0227,30576.369400000003,30719.490666365054,706210.9602429627,0,130.2523374557495,193.38569999999999,31905.4489,32035.920558706664,125135.51243338012,2,-1329.0794999999962,-1.04,False
19,27a,89631.90279006958,307.49760000000003,186.4996,89818.43553025209,706210.9602429627,0,73775.57322978973,79.50919999999999,1426.2369999999999,75202.02955104064,125135.51243338012,2,-1239.7374,-7.65,False
20,21c,85662.9005908966,74.6353,269.0638,85931.9975310791,706210.9602429627,0,67491.02237224579,30.5897,933.0370999999999,68424.2787934967,125135.51243338012,2,-663.9732999999999,-3.47,False
21,27c,90030.33385276794,325.1735,218.89989999999997,90249.26689295044,706210.9602429627,0,74118.55773925781,47.9337,880.0476000000001,74998.82466050873,125135.51243338012,2,-661.1477000000001,-4.02,False
22,11a,13639.424729347229,84.5124,2370.2509999999997,16009.708869529724,706210.9602429627,0,12577.076268196106,74.91799999999999,3025.4024,15602.697989447022,125135.51243338012,2,-655.1514000000002,-1.28,False
23,11b,13763.889122009277,76.0213,840.3071,14604.229362191772,706210.9602429627,0,13085.841941833496,41.661699999999996,1261.002,14347.06326308441,125135.51243338012,2,-420.69489999999996,-1.5,False
24,6c,97.4172830581665,238.8819,3920.7977,4018.2481232406617,706210.9602429627,0,85.27665138244629,188.7371,4156.945900000001,4242.441872633362,125135.51243338012,2,-236.14820000000054,-1.06,False
25,32b,96728.37312221527,11.2269,503.6764,97232.08266239776,706210.9602429627,0,77921.80364131927,10.580400000000001,724.7256,78646.7485625702,125135.51243338012,2,-221.04919999999998,-1.44,False
26,27b,89870.97346782684,302.3261,66.9555,89937.96210800935,706210.9602429627,0,73973.05958271027,60.423300000000005,262.901,74236.17990396118,125135.51243338012,2,-195.9455,-3.93,False
27,7b,123.59316349029541,377.0274,71723.26389999999,71846.89020367278,706210.9602429627,0,114.39106464385986,271.92089999999996,71846.0512,71960.66158589478,125135.51243338012,2,-122.78730000001087,-1.0,False
28,33a,96935.351395607,367.2903,87.0572,97022.44173578949,706210.9602429627,0,78076.90470218658,60.9548,164.96089999999998,78242.08492343749,125135.51243338012,2,-77.90369999999999,-1.89,False
29,32a,96649.37152862549,18.3042,66.2945,96715.69916880799,706210.9602429627,0,77830.97655773163,9.5121,92.01480000000001,77923.21067898255,125135.51243338012,2,-25.72030000000001,-1.39,False
30,19b,80618.25675964355,90.9987,661.9024999999999,81280.19239982605,706210.9602429627,0,63008.232736587524,30.6774,647.3019999999999,63655.75405783844,125135.51243338012,2,14.600500000000011,1.02,True
31,29a,90575.29788017273,478.5312,306.9736,90882.30462035522,706210.9602429627,0,75080.87124824524,50.909800000000004,243.15119999999996,75324.24176949615,125135.51243338012,2,63.822400000000016,1.26,True
32,31b,95813.2162809372,256.6949,2631.2877,98444.53712111969,706210.9602429627,0,76914.72401618958,55.596500000000006,2470.0968000000003,79385.04013744049,125135.51243338012,2,161.1908999999996,1.07,True
33,1d,11.347746849060059,225.6971,4990.4248,5001.805687031555,706210.9602429627,0,3.9917945861816406,182.7039,4829.1657,4833.376815837097,125135.51243338012,2,161.25910000000022,1.03,True
34,1b,0.6837129592895508,225.5283,4990.1205,4990.837353141785,706210.9602429627,0,0.26056766510009766,182.5663,4828.4355000000005,4828.915388916016,125135.51243338012,2,161.6849999999995,1.03,True
35,5b,77.5111198425293,225.4812,5884.6176,5962.161860025024,706210.9602429627,0,65.90256690979004,163.8494,5719.6329,5785.754788160705,125135.51243338012,2,164.98469999999998,1.03,True
36,5a,70.25549411773682,225.02889999999996,5886.2105,5956.499134300232,706210.9602429627,0,60.601139068603516,187.578,5713.4509,5774.271360319519,125135.51243338012,2,172.75960000000032,1.03,True
37,21b,85481.77137374878,72.9115,324.73339999999996,85806.53791393127,706210.9602429627,0,67355.94596862793,42.7481,109.4088,67465.57408987885,125135.51243338012,2,215.32459999999998,2.97,True
38,15b,54036.13996505737,183.3628,8514.372599999999,62550.54570523987,706210.9602429627,0,49999.18279647827,90.2899,8236.5543,58235.95641772918,125135.51243338012,2,277.818299999999,1.03,True
39,33c,97306.37540817261,349.931,621.879,97928.2875483551,706210.9602429627,0,78440.6302690506,66.55940000000001,328.4628,78769.31239030152,125135.51243338012,2,293.4162,1.89,True
40,24b,86725.77891349792,319.8193,1476.6985,88202.51055368042,706210.9602429627,0,71845.84612846375,54.8925,979.7621999999999,72825.82764971466,125135.51243338012,2,496.9363000000001,1.51,True
41,21a,85088.29302787781,82.1565,732.2275000000001,85820.55366806031,706210.9602429627,0,67119.28038597107,51.092,228.959,67348.45870722199,125135.51243338012,2,503.2685000000001,3.2,True
42,1a,0.0,226.05630000000002,13307.708799999999,13307.741940182494,706210.9602429627,0,0.0,176.2919,12739.5895,12739.808821250916,125135.51243338012,2,568.1192999999985,1.04,True
43,1c,6.627774238586426,225.8255,13182.065400000001,13188.726314421083,706210.9602429627,0,1.2179374694824219,182.5631,12227.956900000001,12229.394158720399,125135.51243338012,2,954.1085000000003,1.08,True
44,12b,44502.15182304382,31.0182,1342.6696,45844.85456322632,706210.9602429627,0,41107.35640525818,9.453199999999999,373.9974,41481.573126509094,125135.51243338012,2,968.6722,3.59,True
45,16a,56264.61052894592,32.3536,2199.027,58463.67066912842,706210.9602429627,0,53622.967529296875,16.4037,1113.8546000000001,54737.04145054779,125135.51243338012,2,1085.1724,1.97,True
46,13c,49329.35452461243,39.1957,5056.6362,54386.023864794915,706210.9602429627,0,46475.83422660828,11.0678,3753.4906,50229.54414785919,125135.51243338012,2,1303.1455999999998,1.35,True
47,25a,86876.96981430054,51.2116,12423.0227,99300.02565448303,706210.9602429627,0,72317.3896074295,66.0183,10817.8667,83135.47562868042,125135.51243338012,2,1605.155999999999,1.15,True
48,19a,79123.2875585556,115.9942,2266.1784,81389.4990987381,706210.9602429627,0,62661.71536445618,31.740199999999998,652.3042,63314.23888570709,125135.51243338012,2,1613.8741999999997,3.47,True
49,25b,87462.23170757294,46.4957,7772.7352,95235.00004775543,706210.9602429627,0,72608.68544578552,99.7868,6063.1195,78672.02426703644,125135.51243338012,2,1709.6157000000003,1.28,True
50,4c,65.18151760101318,228.4137,44094.9148,44160.12945778351,706210.9602429627,0,55.63819408416748,180.8116,41662.595799999996,41718.45331533508,125135.51243338012,2,2432.319000000003,1.06,True
51,10b,6810.616850852966,13.5659,50580.941399999996,57391.59139103546,706210.9602429627,0,6365.448188781738,8.2604,47991.216499999995,54356.884010032656,125135.51243338012,2,2589.724900000001,1.05,True
52,4a,54.26065921783447,228.74589999999998,44085.0349,44139.32869940033,706210.9602429627,0,47.020506858825684,181.2301,41409.5321,41456.77192810974,125135.51243338012,2,2675.502800000002,1.06,True
53,10a,6494.000124931335,12.907300000000001,57115.0316,63609.06486511383,706210.9602429627,0,5999.604678153992,12.794,54437.3806,60437.204599404904,125135.51243338012,2,2677.6510000000053,1.05,True
54,30a,93503.52466106415,298.591,6397.962799999999,99901.52060124665,706210.9602429627,0,75667.14959144592,113.5119,3348.0126000000005,79015.38151269683,125135.51243338012,2,3049.950199999999,1.91,True
55,17d,63309.62555408478,12.6146,35553.769199999995,98863.42789426728,706210.9602429627,0,58289.92471694946,5.4485,32418.4441,90708.58813820037,125135.51243338012,2,3135.3250999999946,1.1,True
56,29b,91030.10265827179,504.4417,4186.1795,95216.31529845428,706210.9602429627,0,75311.9972705841,92.1942,1003.9869000000001,76316.20349183501,125135.51243338012,2,3182.1926000000003,4.17,True
57,4b,60.00492572784424,229.0102,44029.8545,44089.89256591034,706210.9602429627,0,50.50652027130127,182.03879999999998,40842.6465,40893.37234152222,125135.51243338012,2,3187.2079999999987,1.08,True
58,17b,60682.90419578552,13.1786,38234.5274,98917.46473596801,706210.9602429627,0,56115.91262817383,6.0762,34891.067200000005,91007.19914942475,125135.51243338012,2,3343.460199999994,1.1,True
59,22c,86405.0354719162,181.8827,11094.6626,97499.7312120987,706210.9602429627,0,68692.9041147232,18.8309,7745.169800000001,76438.29323597412,125135.51243338012,2,3349.492799999999,1.43,True
60,13b,45798.14229011536,41.736000000000004,12387.9833,58186.15873029785,706210.9602429627,0,42097.08068370819,28.401,8772.312300000001,50869.61230495911,125135.51243338012,2,3615.6709999999985,1.41,True
61,17c,62024.25796985626,13.636099999999999,36786.163799999995,98810.45491003877,706210.9602429627,0,57522.18761444092,5.4503,33169.0551,90691.46203569183,125135.51243338012,2,3617.108699999997,1.11,True
62,2a,23.564839363098145,229.1071,52365.1426,52388.74057954559,706210.9602429627,0,19.24431324005127,158.1582,48273.9398,48293.40343449097,125135.51243338012,2,4091.202799999999,1.08,True
63,2b,25.27027130126953,229.06599999999997,52363.505099999995,52388.80851148376,706210.9602429627,0,21.356678009033203,196.124,47987.811100000006,48009.387099259955,125135.51243338012,2,4375.693999999989,1.09,True
64,2d,33.130764961242676,229.32600000000002,52439.6834,52472.84730514374,706210.9602429627,0,27.103829383850098,195.8361,47982.0534,48009.37655063476,125135.51243338012,2,4457.630000000005,1.09,True
65,10c,6810.674071311951,14.174299999999999,51346.3154,58157.022611494445,706210.9602429627,0,6383.320140838623,11.5778,46743.330700000006,53126.870162089544,125135.51243338012,2,4602.984699999994,1.1,True
66,18a,71713.48237991333,13.7982,24350.1765,96063.69202009583,706210.9602429627,0,60767.16785430908,9.6047,19434.3269,80201.71407556,125135.51243338012,2,4915.849600000001,1.25,True
67,2c,28.713202476501465,228.8462,52360.8177,52389.564042658996,706210.9602429627,0,23.643064498901367,158.37290000000002,47434.562300000005,47458.42468574982,125135.51243338012,2,4926.255399999995,1.1,True
68,18b,75785.84699630737,12.7774,10415.798200000001,86201.67833648986,706210.9602429627,0,61068.00887584686,13.0322,5211.1995,66279.42769709778,125135.51243338012,2,5204.598700000001,2.0,True
69,17a,58744.04299259186,13.0838,62744.300800000005,121488.37693277435,706210.9602429627,0,55928.92689704895,6.8827,56227.917799999996,112157.06401829988,125135.51243338012,2,6516.383000000009,1.12,True
70,24a,86687.4210357666,349.8216,8458.4093,95145.8634759491,706210.9602429627,0,71480.7018995285,42.769600000000004,1774.8769,73255.79812077942,125135.51243338012,2,6683.532399999999,4.77,True
71,8d,152.85241603851318,250.34769999999997,57781.8819,57934.76745622101,706210.9602429627,0,142.32511520385742,174.35160000000002,50965.2859,51107.830336454776,125135.51243338012,2,6816.595999999998,1.13,True
72,8a,137.76488304138184,246.05149999999998,66336.1502,66473.94822322388,706210.9602429627,0,125.48491954803467,196.5598,59456.604300000006,59582.30854079896,125135.51243338012,2,6879.545899999997,1.12,True
73,18c,78067.25351810455,17.148,19339.3715,97406.65815828704,706210.9602429627,0,61947.886633872986,8.3871,12246.194,74194.29995512389,125135.51243338012,2,7093.177500000002,1.58,True
74,6f,113.69502544403076,238.93070000000003,93896.77709999999,94010.50526562652,706210.9602429627,0,99.99287128448486,185.6626,86663.27530000001,86763.48749253541,125135.51243338012,2,7233.501799999984,1.08,True
75,6d,103.84008884429932,238.9146,93880.1743,93984.0475290268,706210.9602429627,0,89.9491548538208,187.5617,86407.6098,86497.77827610474,125135.51243338012,2,7472.564499999993,1.09,True
76,31c,96266.92185401917,307.2876,27727.5259,123994.48089420167,706210.9602429627,0,77267.63019561768,35.6708,19260.7382,96528.58771686858,125135.51243338012,2,8466.7877,1.44,True
77,25c,87513.39025497437,55.5271,22837.8355,110351.25889515686,706210.9602429627,0,72726.20780467987,16.3608,13559.8354,86286.2625259308,125135.51243338012,2,9278.000100000001,1.68,True
78,16d,58292.95856952667,26.7451,20020.7905,78313.78220970917,706210.9602429627,0,54763.44361305237,14.5157,9570.0303,64333.69323430328,125135.51243338012,2,10450.760199999999,2.09,True
79,14b,50844.59586143494,30.605200000000004,29640.232,80484.86100161744,706210.9602429627,0,48392.492270469666,21.802699999999998,18075.1345,66467.84609172058,125135.51243338012,2,11565.0975,1.64,True
80,11d,16161.219811439514,30.6618,64506.778300000005,80668.031251622,706210.9602429627,0,15743.03252696991,9.8369,52766.809400000006,68510.06124822082,125135.51243338012,2,11739.9689,1.22,True
81,17f,67999.61314201355,13.117500000000001,42001.3434,110000.98968219603,706210.9602429627,0,60315.76642990112,3.8571,30066.7157,90382.70145115204,125135.51243338012,2,11934.627699999997,1.4,True
82,15d,55998.72615337372,127.39470000000001,33738.4031,89737.16239355621,706210.9602429627,0,51786.619567871094,52.561099999999996,20738.4748,72525.313689122,125135.51243338012,2,12999.928300000003,1.63,True
83,15c,55192.34702587128,141.739,31126.7355,86319.11566605377,706210.9602429627,0,50386.39311790466,69.79390000000001,18017.2376,68403.85003915559,125135.51243338012,2,13109.497899999998,1.73,True
84,14a,50601.64761543274,33.6323,39079.695400000004,89681.37615561523,706210.9602429627,0,47622.23982810974,9.9269,25803.1652,73425.62434936066,125135.51243338012,2,13276.530200000005,1.51,True
85,11c,14723.545956611633,22.517500000000002,65940.6447,80664.22379679413,706210.9602429627,0,14419.680571556091,24.712600000000002,52167.6033,66587.50319280701,125135.51243338012,2,13773.041400000002,1.26,True
86,14c,52538.28525543213,21.8672,37698.6573,90236.97569561462,706210.9602429627,0,48888.1893157959,25.2377,23379.0697,72267.47833704682,125135.51243338012,2,14319.587599999999,1.61,True
87,31a,95224.41263198853,280.8809,16824.2529,112048.69867217103,706210.9602429627,0,76563.86139392853,31.098200000000002,2207.1409,78771.22161517944,125135.51243338012,2,14617.112,7.62,True
88,6b,92.46630668640137,238.9925,83311.5311,83404.03054686889,706210.9602429627,0,80.2238941192627,189.4119,67473.282,67553.72521537018,125135.51243338012,2,15838.249099999986,1.23,True
89,8c,147.9816436767578,249.5801,69030.475,69178.48978385926,706210.9602429627,0,136.19494438171387,148.45250000000001,52339.6244,52476.03866563262,125135.51243338012,2,16690.850600000005,1.32,True
90,28b,90235.06803512573,364.4139,21758.2393,111993.34047530821,706210.9602429627,0,74456.07807636261,8.988800000000001,3801.6547,78257.95209761352,125135.51243338012,2,17956.584600000002,5.72,True
91,13a,44569.62728500366,105.5642,42048.5248,86618.18522518616,706210.9602429627,0,41745.54958343506,30.1293,23840.0839,65585.85280468597,125135.51243338012,2,18208.440899999998,1.76,True
92,13d,49931.42185211182,43.9962,55611.863600000004,105543.31859229431,706210.9602429627,0,46819.89769935608,26.8728,36719.937,83540.054020607,125135.51243338012,2,18891.926600000006,1.51,True
93,30b,94029.02159690857,290.3752,19596.6981,113625.75283709106,706210.9602429627,0,76136.54932975769,417.29049999999995,587.1634,76723.9320510086,125135.51243338012,2,19009.5347,33.38,True
94,15a,53422.39713668823,355.6424,32677.8206,86100.25087687073,706210.9602429627,0,49381.8648815155,335.8759,13554.9276,62937.011802766414,125135.51243338012,2,19122.892999999996,2.41,True
95,12c,44561.13893985748,29.8779,41734.1599,86295.33198003998,706210.9602429627,0,41274.27358627319,27.710500000000003,22282.5988,63557.09170752411,125135.51243338012,2,19451.5611,1.87,True
96,7a,118.53220462799072,376.64549999999997,102837.1404,102955.70574481049,706210.9602429627,0,109.47918891906738,273.83119999999997,81975.5991,82085.29761016999,125135.51243338012,2,20861.541299999997,1.25,True
97,28a,90133.5274219513,364.9561,26180.7605,116314.3210621338,706210.9602429627,0,74251.02956295013,27.040300000000002,4862.7648,79114.01368420105,125135.51243338012,2,21317.9957,5.38,True
98,3c,48.9579439163208,228.5867,86180.17929999999,86229.1703840988,706210.9602429627,0,44.28534507751465,179.4836,62652.2644,62696.76906632843,125135.51243338012,2,23527.91489999999,1.38,True
99,12a,31089.148473739624,25.0584,55056.455,86145.63661392212,706210.9602429627,0,32114.6000623703,24.844,30131.1962,62246.01558362122,125135.51243338012,2,24925.258800000003,1.83,True
100,3a,39.58108425140381,228.5232,86049.7393,86089.3535244339,706210.9602429627,0,32.50832557678223,183.7884,59942.185,59974.912646827695,125135.51243338012,2,26107.554300000003,1.44,True
101,9d,6475.3496170043945,31.9848,106329.28689999999,112804.66965718688,706210.9602429627,0,5959.618639945984,28.189999999999998,78933.5734,84893.4113611969,125135.51243338012,2,27395.713499999998,1.35,True
102,3b,44.10042762756348,228.31109999999998,85927.1002,85971.23376781006,706210.9602429627,0,36.182594299316406,183.6685,57345.3051,57381.70701555023,125135.51243338012,2,28581.795100000003,1.5,True
103,26b,88513.5877609253,298.5154,31756.478500000005,120270.09940110779,706210.9602429627,0,73266.95718765259,31.258699999999997,2799.5129,76066.6894089035,125135.51243338012,2,28956.965600000003,11.34,True
104,17e,64838.634729385376,12.5752,56638.3101,121476.97796956787,706210.9602429627,0,59210.212206840515,6.030900000000001,26389.123100000004,85599.55462809143,125135.51243338012,2,30249.186999999998,2.15,True
105,7c,132.57505893707275,379.34389999999996,132906.3939,133039.00209911956,706210.9602429627,0,119.19245719909668,270.0455,90706.18830000001,90825.60007845002,125135.51243338012,2,42200.20559999999,1.47,True
106,28c,90385.10890007019,390.8655,47508.452399999995,137893.5944402527,706210.9602429627,0,74758.09960365295,43.2512,4155.078100000001,78913.39702490387,125135.51243338012,2,43353.374299999996,11.43,True
107,16b,56542.16585159302,32.5131,89970.4877,146512.6866917755,706210.9602429627,0,54005.44636249542,12.7562,42292.802,96298.46768374633,125135.51243338012,2,47677.685699999995,2.13,True
108,26a,87996.33378982544,281.9881,59438.11779999999,147434.48473000794,706210.9602429627,0,72877.03337669373,42.4011,8650.4369,81527.68959794464,125135.51243338012,2,50787.68089999999,6.87,True
109,26c,89223.35364818573,287.0076,68488.5757,157711.9624883682,706210.9602429627,0,73506.52830600739,21.184199999999997,9209.9429,82716.6905272583,125135.51243338012,2,59278.6328,7.44,True
110,20c,83904.38289642334,75.4269,287970.74210000003,371875.15813660587,706210.9602429627,0,66404.3541431427,186.35,14058.9313,80463.50476439361,125135.51243338012,2,273911.81080000004,20.48,True
111,20b,82734.62226390839,75.68469999999999,280147.8373,362882.4927040909,706210.9602429627,0,65991.24028682709,31.2248,5810.3953,71801.854908078,125135.51243338012,2,274337.44200000004,48.21,True
112,20a,82123.39544296265,248.33450000000002,623839.2303,705962.6588831452,706210.9602429627,0,65261.78176403046,82.7525,10775.5925,76037.59358528137,125135.51243338012,2,613063.6378,57.89,True
