index,query_id,start_time_x,planning_time_x,execution_time_x,execution_start_time_x,workload_time_x,ID_x,start_time_y,planning_time_y,execution_time_y,execution_start_time_y,workload_time_y,ID_y,diff,diffratio,PN
0,26c,89223.35364818573,287.0076,68488.5757,157711.9624883682,706210.9602429627,0,107277.29649543762,0.0,309162.84222602844,416440.6698226929,721791.899728775,4,-240674.26652602846,-4.51,False
1,13b,45798.14229011536,41.736000000000004,12387.9833,58186.15873029785,706210.9602429627,0,39796.16017341614,0.0,73934.6971988678,113731.38847351074,721791.899728775,4,-61546.7138988678,-5.97,False
2,13c,49329.35452461243,39.1957,5056.6362,54386.023864794915,706210.9602429627,0,53638.645362854004,0.0,66172.33033180237,119811.50679588318,721791.899728775,4,-61115.69413180237,-13.09,False
3,9b,163.50507736206055,353.7022,53746.697,53910.235217544556,706210.9602429627,0,106.13484382629395,0.0,103021.7191696167,103128.3851146698,721791.899728775,4,-49275.0221696167,-1.92,False
4,13a,44569.62728500366,105.5642,42048.5248,86618.18522518616,706210.9602429627,0,38236.25988960266,0.0,67248.83046150208,105485.62145233154,721791.899728775,4,-25200.305661502076,-1.6,False
5,12c,44561.13893985748,29.8779,41734.1599,86295.33198003998,706210.9602429627,0,38235.09168624878,0.0,66685.68391799927,104921.30670547485,721791.899728775,4,-24951.52401799927,-1.6,False
6,29b,91030.10265827179,504.4417,4186.1795,95216.31529845428,706210.9602429627,0,108960.21475791931,0.0,26341.907167434692,135302.6530265808,721791.899728775,4,-22155.727667434694,-6.29,False
7,10a,6494.000124931335,12.907300000000001,57115.0316,63609.06486511383,706210.9602429627,0,5824.255323410034,0.0,77898.65865707397,83723.44508171082,721791.899728775,4,-20783.627057073973,-1.36,False
8,12a,31089.148473739624,25.0584,55056.455,86145.63661392212,706210.9602429627,0,30479.442739486694,0.0,74318.55731010437,104798.53115081787,721791.899728775,4,-19262.10231010437,-1.35,False
9,3c,48.9579439163208,228.5867,86180.17929999999,86229.1703840988,706210.9602429627,0,11.431694030761719,0.0,105253.79610061646,105265.75889587402,721791.899728775,4,-19073.616800616466,-1.22,False
10,3a,39.58108425140381,228.5232,86049.7393,86089.3535244339,706210.9602429627,0,7.834529876708984,0.0,105087.13779449463,105095.50342559814,721791.899728775,4,-19037.398494494628,-1.22,False
11,3b,44.10042762756348,228.31109999999998,85927.1002,85971.23376781006,706210.9602429627,0,8.80880355834961,0.0,103763.87295722961,103773.21286201477,721791.899728775,4,-17836.772757229613,-1.21,False
12,8a,137.76488304138184,246.05149999999998,66336.1502,66473.94822322388,706210.9602429627,0,82.46774673461914,0.0,82720.97787857056,82803.97672653198,721791.899728775,4,-16384.827678570553,-1.25,False
13,14a,50601.64761543274,33.6323,39079.695400000004,89681.37615561523,706210.9602429627,0,53638.79280090332,0.0,54873.22573661804,108512.54963874817,721791.899728775,4,-15793.530336618038,-1.4,False
14,9a,157.88066387176514,355.5464,53747.8214,53905.73520405426,706210.9602429627,0,99.85098838806152,0.0,69266.24522209167,69366.62731170654,721791.899728775,4,-15518.423822091674,-1.29,False
15,8c,147.9816436767578,249.5801,69030.475,69178.48978385926,706210.9602429627,0,91.36018753051758,0.0,83836.32445335388,83928.2157421112,721791.899728775,4,-14805.849453353876,-1.21,False
16,7a,118.53220462799072,376.64549999999997,102837.1404,102955.70574481049,706210.9602429627,0,69.43831443786621,0.0,117479.50692176819,117549.47633743286,721791.899728775,4,-14642.366521768185,-1.14,False
17,7b,123.59316349029541,377.0274,71723.26389999999,71846.89020367278,706210.9602429627,0,73.76618385314941,0.0,85332.2566986084,85406.55398368835,721791.899728775,4,-13608.992798608408,-1.19,False
18,6a,87.22190856933594,238.6576,53884.7476,53972.00264875183,706210.9602429627,0,43.373870849609375,0.0,66648.09193611145,66691.99690818787,721791.899728775,4,-12763.344336111448,-1.24,False
19,6e,108.8235855102539,239.3402,53880.52829999999,53989.38502569274,706210.9602429627,0,60.530996322631836,0.0,66631.61344528198,66692.67554283142,721791.899728775,4,-12751.085145281992,-1.24,False
20,9c,4441.451382637024,29.779700000000002,60328.2105,64769.69502281952,706210.9602429627,0,5220.223760604858,0.0,72888.89398574829,78109.64884757996,721791.899728775,4,-12560.68348574829,-1.21,False
21,10b,6810.616850852966,13.5659,50580.941399999996,57391.59139103546,706210.9602429627,0,6422.109031677246,0.0,62858.80513191223,69281.44526481628,721791.899728775,4,-12277.863731912235,-1.24,False
22,7c,132.57505893707275,379.34389999999996,132906.3939,133039.00209911956,706210.9602429627,0,78.35803031921387,0.0,145050.65565109253,145129.54478263855,721791.899728775,4,-12144.261751092534,-1.09,False
23,29a,90575.29788017273,478.5312,306.9736,90882.30462035522,706210.9602429627,0,108853.53584289551,0.0,12164.19734954834,121018.26429367065,721791.899728775,4,-11857.22374954834,-39.63,False
24,6f,113.69502544403076,238.93070000000003,93896.77709999999,94010.50526562652,706210.9602429627,0,64.8468017578125,0.0,105463.4895324707,105528.86743545532,721791.899728775,4,-11566.712432470711,-1.12,False
25,6d,103.84008884429932,238.9146,93880.1743,93984.0475290268,706210.9602429627,0,55.98759651184082,0.0,105378.86428833008,105435.38298606873,721791.899728775,4,-11498.68998833008,-1.12,False
26,13d,49931.42185211182,43.9962,55611.863600000004,105543.31859229431,706210.9602429627,0,53638.697147369385,0.0,66628.65371704102,120267.8819656372,721791.899728775,4,-11016.790117041011,-1.2,False
27,10c,6810.674071311951,14.174299999999999,51346.3154,58157.022611494445,706210.9602429627,0,6445.127964019775,0.0,61536.87415122986,67982.53321647644,721791.899728775,4,-10190.558751229859,-1.2,False
28,8d,152.85241603851318,250.34769999999997,57781.8819,57934.76745622101,706210.9602429627,0,95.7615852355957,0.0,67959.8482131958,68056.1408996582,721791.899728775,4,-10177.9663131958,-1.18,False
29,18b,75785.84699630737,12.7774,10415.798200000001,86201.67833648986,706210.9602429627,0,85015.34976959229,0.0,19844.64168548584,104860.52255630493,721791.899728775,4,-9428.843485485839,-1.91,False
30,5c,82.44123458862305,225.5718,55822.51700000001,55904.991374771125,706210.9602429627,0,39.005374908447266,0.0,64617.910861968994,64657.44733810425,721791.899728775,4,-8795.393861968987,-1.16,False
31,14c,52538.28525543213,21.8672,37698.6573,90236.97569561462,706210.9602429627,0,62868.42279434204,0.0,46267.52076148987,109136.47465705872,721791.899728775,4,-8568.86346148987,-1.23,False
32,15c,55192.34702587128,141.739,31126.7355,86319.11566605377,706210.9602429627,0,66582.31949806213,0.0,38919.75269317627,105502.60329246521,721791.899728775,4,-7793.017193176271,-1.25,False
33,15a,53422.39713668823,355.6424,32677.8206,86100.25087687073,706210.9602429627,0,65518.741273880005,0.0,39474.81594085693,104994.08831596375,721791.899728775,4,-6796.9953408569345,-1.21,False
34,9d,6475.3496170043945,31.9848,106329.28689999999,112804.66965718688,706210.9602429627,0,5220.96791267395,0.0,110955.56349754333,116177.06251144409,721791.899728775,4,-4626.276597543343,-1.04,False
35,15d,55998.72615337372,127.39470000000001,33738.4031,89737.16239355621,706210.9602429627,0,67006.667470932,0.0,38092.14177131653,105099.34034347534,721791.899728775,4,-4353.738671316525,-1.13,False
36,20c,83904.38289642334,75.4269,287970.74210000003,371875.15813660587,706210.9602429627,0,102326.42798423767,0.0,291605.1034450531,393932.0625305176,721791.899728775,4,-3634.3613450530684,-1.01,False
37,30c,94606.03966712952,312.75120000000004,10340.1929,104946.265707312,706210.9602429627,0,110226.3144493103,0.0,13913.336610794067,124140.18216133118,721791.899728775,4,-3573.1437107940674,-1.35,False
38,20b,82734.62226390839,75.68469999999999,280147.8373,362882.4927040909,706210.9602429627,0,101605.33661842346,0.0,282378.5023212433,383984.37004089355,721791.899728775,4,-2230.6650212432723,-1.01,False
39,19c,80949.87778663635,115.76050000000001,3732.5198000000005,84682.43072681884,706210.9602429627,0,93449.60231781006,0.0,5944.807481765747,99394.94090080261,721791.899728775,4,-2212.2876817657466,-1.59,False
40,22a,85827.51471996307,178.4495,4151.3216,89978.86946014556,706210.9602429627,0,102771.23374938965,0.0,6061.719703674316,108833.48455429077,721791.899728775,4,-1910.3981036743162,-1.46,False
41,6c,97.4172830581665,238.8819,3920.7977,4018.2481232406617,706210.9602429627,0,51.787424087524414,0.0,5763.5910987854,5815.909624099731,721791.899728775,4,-1842.7933987854003,-1.47,False
42,31b,95813.2162809372,256.6949,2631.2877,98444.53712111969,706210.9602429627,0,112064.00098800659,0.0,4464.379453659058,116528.91154289246,721791.899728775,4,-1833.0917536590578,-1.7,False
43,2d,33.130764961242676,229.32600000000002,52439.6834,52472.84730514374,706210.9602429627,0,2.4202823638916016,0.0,54096.28882408142,54099.24020767212,721791.899728775,4,-1656.6054240814192,-1.03,False
44,1a,0.0,226.05630000000002,13307.708799999999,13307.741940182494,706210.9602429627,0,1.1298656463623047,0.0,14586.35287284851,14588.01383972168,721791.899728775,4,-1278.6440728485122,-1.1,False
45,22b,86153.16135883331,175.8607,3243.511,89396.7054990158,706210.9602429627,0,103265.21677970886,0.0,4520.727109909058,107786.47499084473,721791.899728775,4,-1277.2161099090576,-1.39,False
46,2c,28.713202476501465,228.8462,52360.8177,52389.564042658996,706210.9602429627,0,0.7251739501953125,0.0,53604.94575500488,53606.202030181885,721791.899728775,4,-1244.1280550048832,-1.02,False
47,2b,25.27027130126953,229.06599999999997,52363.505099999995,52388.80851148376,706210.9602429627,0,0.7949352264404297,0.0,53606.44783973694,53607.773876190186,721791.899728775,4,-1242.9427397369436,-1.02,False
48,2a,23.564839363098145,229.1071,52365.1426,52388.74057954559,706210.9602429627,0,0.7093906402587891,0.0,53604.81781959534,53606.0583114624,721791.899728775,4,-1239.6752195953377,-1.02,False
49,30a,93503.52466106415,298.591,6397.962799999999,99901.52060124665,706210.9602429627,0,109449.75776672363,0.0,7591.881322860718,117042.17019081116,721791.899728775,4,-1193.9185228607184,-1.19,False
50,1c,6.627774238586426,225.8255,13182.065400000001,13188.726314421083,706210.9602429627,0,0.04119873046875,0.0,14359.823560714722,14360.395860671997,721791.899728775,4,-1177.7581607147204,-1.09,False
51,23a,86483.36894512177,175.4496,820.406,87303.80808530425,706210.9602429627,0,104288.57593536377,0.0,1880.9320449829102,106170.03908157349,721791.899728775,4,-1060.5260449829102,-2.29,False
52,25b,87462.23170757294,46.4957,7772.7352,95235.00004775543,706210.9602429627,0,106203.50694656372,0.0,8813.781070709229,115017.81911849976,721791.899728775,4,-1041.0458707092284,-1.13,False
53,22c,86405.0354719162,181.8827,11094.6626,97499.7312120987,706210.9602429627,0,103324.58682060242,0.0,12121.844482421875,115446.9624042511,721791.899728775,4,-1027.1818824218753,-1.09,False
54,15b,54036.13996505737,183.3628,8514.372599999999,62550.54570523987,706210.9602429627,0,66359.69767570496,0.0,9432.04255104065,75792.27132797241,721791.899728775,4,-917.6699510406506,-1.11,False
55,23b,86525.1256942749,146.72449999999998,814.4407,87339.5995344574,706210.9602429627,0,104478.24578285217,0.0,1671.6276168823242,106150.4045009613,721791.899728775,4,-857.1869168823242,-2.05,False
56,22d,86453.53510379791,183.46620000000001,8808.833499999999,95262.4017439804,706210.9602429627,0,103390.6919002533,0.0,9581.02707862854,112972.25008010864,721791.899728775,4,-772.1935786285412,-1.09,False
57,19a,79123.2875585556,115.9942,2266.1784,81389.4990987381,706210.9602429627,0,91982.24678039551,0.0,3008.857011795044,94991.63489341736,721791.899728775,4,-742.6786117950442,-1.33,False
58,24b,86725.77891349792,319.8193,1476.6985,88202.51055368042,706210.9602429627,0,105941.94779396057,0.0,2144.0102100372314,108086.48910522461,721791.899728775,4,-667.3117100372315,-1.45,False
59,23c,86618.60790252686,161.6453,1254.1396,87872.78064270935,706210.9602429627,0,105119.63486671448,0.0,1895.4926490783691,107015.65861701965,721791.899728775,4,-641.3530490783692,-1.51,False
60,16a,56264.61052894592,32.3536,2199.027,58463.67066912842,706210.9602429627,0,67467.73371696472,0.0,2705.7329177856445,70173.99773597717,721791.899728775,4,-506.7059177856445,-1.23,False
61,5a,70.25549411773682,225.02889999999996,5886.2105,5956.499134300232,706210.9602429627,0,30.762338638305664,0.0,6373.373222351074,6404.6666622161865,721791.899728775,4,-487.1627223510741,-1.08,False
62,5b,77.5111198425293,225.4812,5884.6176,5962.161860025024,706210.9602429627,0,34.911537170410156,0.0,6369.425010681152,6404.867649078369,721791.899728775,4,-484.80741068115276,-1.08,False
63,12b,44502.15182304382,31.0182,1342.6696,45844.85456322632,706210.9602429627,0,37952.77352333069,0.0,1794.0808296203613,39747.38545417786,721791.899728775,4,-451.4112296203614,-1.34,False
64,18c,78067.25351810455,17.148,19339.3715,97406.65815828704,706210.9602429627,0,87921.60239219666,0.0,19778.193283081055,107700.32677650452,721791.899728775,4,-438.8217830810536,-1.02,False
65,27b,89870.97346782684,302.3261,66.9555,89937.96210800935,706210.9602429627,0,108062.31865882874,0.0,463.156795501709,108526.00655555725,721791.899728775,4,-396.20129550170896,-6.92,False
66,33b,97171.55702114105,318.14700000000005,66.87100000000001,97238.46116132355,706210.9602429627,0,113704.48136329651,0.0,377.29506492614746,114082.30752944946,721791.899728775,4,-310.4240649261475,-5.64,False
67,33a,96935.351395607,367.2903,87.0572,97022.44173578949,706210.9602429627,0,113439.09063339233,0.0,395.66636085510254,113835.28809547424,721791.899728775,4,-308.6091608551026,-4.54,False
68,27a,89631.90279006958,307.49760000000003,186.4996,89818.43553025209,706210.9602429627,0,107736.0297203064,0.0,463.4653091430664,108200.02613067627,721791.899728775,4,-276.9657091430664,-2.49,False
69,27c,90030.33385276794,325.1735,218.89989999999997,90249.26689295044,706210.9602429627,0,108277.00996398926,0.0,492.6511764526367,108770.1922416687,721791.899728775,4,-273.7512764526367,-2.25,False
70,11b,13763.889122009277,76.0213,840.3071,14604.229362191772,706210.9602429627,0,14612.931632995605,0.0,974.2450714111328,15587.707805633545,721791.899728775,4,-133.93797141113282,-1.16,False
71,21a,85088.29302787781,82.1565,732.2275000000001,85820.55366806031,706210.9602429627,0,102378.7031173706,0.0,859.4944477081299,103238.72866630554,721791.899728775,4,-127.2669477081298,-1.17,False
72,19b,80618.25675964355,90.9987,661.9024999999999,81280.19239982605,706210.9602429627,0,92664.52121734619,0.0,774.5810985565186,93439.63341712952,721791.899728775,4,-112.67859855651864,-1.17,False
73,21b,85481.77137374878,72.9115,324.73339999999996,85806.53791393127,706210.9602429627,0,102550.72870254517,0.0,425.81701278686523,102977.07681655884,721791.899728775,4,-101.08361278686527,-1.31,False
74,11a,13639.424729347229,84.5124,2370.2509999999997,16009.708869529724,706210.9602429627,0,14401.521730422974,0.0,2462.811279296875,16864.864110946655,721791.899728775,4,-92.56027929687525,-1.04,False
75,21c,85662.9005908966,74.6353,269.0638,85931.9975310791,706210.9602429627,0,102696.49820327759,0.0,358.7758541107178,103055.80515861511,721791.899728775,4,-89.71205411071776,-1.33,False
76,32b,96728.37312221527,11.2269,503.6764,97232.08266239776,706210.9602429627,0,113159.84683036804,0.0,556.3289165496826,113716.70684814453,721791.899728775,4,-52.652516549682616,-1.1,False
77,16c,57716.26319885254,27.574,20601.3747,78317.67103903503,706210.9602429627,0,71330.61952590942,0.0,20630.425691604614,91961.57631874084,721791.899728775,4,-29.050991604613955,-1.0,False
78,32a,96649.37152862549,18.3042,66.2945,96715.69916880799,706210.9602429627,0,113092.54293441772,0.0,64.94288444519043,113158.01692008972,721791.899728775,4,1.3516155548095696,1.02,True
79,29c,92138.99230957031,552.7228,4204.0126,96343.03804975281,706210.9602429627,0,109083.3372592926,0.0,4171.80757522583,113255.67593574524,721791.899728775,4,32.20502477416994,1.01,True
80,25a,86876.96981430054,51.2116,12423.0227,99300.02565448303,706210.9602429627,0,106153.48854064941,0.0,12364.125967025757,118518.14560890198,721791.899728775,4,58.896732974242695,1.0,True
81,1b,0.6837129592895508,225.5283,4990.1205,4990.837353141785,706210.9602429627,0,0.0,0.0,4894.02871131897,4894.559812545776,721791.899728775,4,96.09178868103027,1.02,True
82,1d,11.347746849060059,225.6971,4990.4248,5001.805687031555,706210.9602429627,0,0.059032440185546875,0.0,4894.287204742432,4894.877338409424,721791.899728775,4,96.13759525756814,1.02,True
83,33c,97306.37540817261,349.931,621.879,97928.2875483551,706210.9602429627,0,113874.18475151062,0.0,416.0989284515381,114290.81478118896,721791.899728775,4,205.78007154846193,1.49,True
84,8b,143.08812618255615,244.0227,30576.369400000003,30719.490666365054,706210.9602429627,0,86.78717613220215,0.0,30340.190744400024,30427.509021759033,721791.899728775,4,236.1786555999788,1.01,True
85,31a,95224.41263198853,280.8809,16824.2529,112048.69867217103,706210.9602429627,0,111324.39594268799,0.0,16375.139713287354,127700.06675720215,721791.899728775,4,449.113186712646,1.03,True
86,25c,87513.39025497437,55.5271,22837.8355,110351.25889515686,706210.9602429627,0,106378.2280921936,0.0,21944.53434944153,128323.29354286194,721791.899728775,4,893.3011505584727,1.04,True
87,18a,71713.48237991333,13.7982,24350.1765,96063.69202009583,706210.9602429627,0,83832.42988586426,0.0,23358.11309814453,107191.0740852356,721791.899728775,4,992.0634018554701,1.04,True
88,20a,82123.39544296265,248.33450000000002,623839.2303,705962.6588831452,706210.9602429627,0,99430.32293319702,0.0,622361.576795578,721792.4308300018,721791.899728775,4,1477.653504422051,1.0,True
89,28a,90133.5274219513,364.9561,26180.7605,116314.3210621338,706210.9602429627,0,108368.6538696289,0.0,24600.972604751587,132970.1575756073,721791.899728775,4,1579.7878952484134,1.06,True
90,16d,58292.95856952667,26.7451,20020.7905,78313.78220970917,706210.9602429627,0,73800.3538608551,0.0,18164.346027374268,91965.23098945618,721791.899728775,4,1856.4444726257316,1.1,True
91,31c,96266.92185401917,307.2876,27727.5259,123994.48089420167,706210.9602429627,0,112274.43289756775,0.0,25602.39782333374,137877.3618221283,721791.899728775,4,2125.1280766662603,1.08,True
92,28b,90235.06803512573,364.4139,21758.2393,111993.34047530821,706210.9602429627,0,108595.55883407593,0.0,19629.304790496826,128225.39472579956,721791.899728775,4,2128.934509503175,1.11,True
93,19d,81803.58939170837,123.78330000000001,55229.8644,137033.48693189086,706210.9602429627,0,96025.34461021423,0.0,52824.89161491394,148850.76732635498,721791.899728775,4,2404.972785086058,1.05,True
94,26b,88513.5877609253,298.5154,31756.478500000005,120270.09940110779,706210.9602429627,0,107002.83465385437,0.0,29060.62879562378,136063.99455070496,721791.899728775,4,2695.8497043762254,1.09,True
95,17f,67999.61314201355,13.117500000000001,42001.3434,110000.98968219603,706210.9602429627,0,81895.45712471008,0.0,38964.25018310547,120860.23840904236,721791.899728775,4,3037.093216894529,1.08,True
96,16b,56542.16585159302,32.5131,89970.4877,146512.6866917755,706210.9602429627,0,69473.40569496155,0.0,86609.91473197937,156083.85152816772,721791.899728775,4,3360.5729680206277,1.04,True
97,17b,60682.90419578552,13.1786,38234.5274,98917.46473596801,706210.9602429627,0,75027.72336006165,0.0,34827.88419723511,109856.13865852356,721791.899728775,4,3406.6432027648916,1.1,True
98,17d,63309.62555408478,12.6146,35553.769199999995,98863.42789426728,706210.9602429627,0,78084.96141433716,0.0,31742.927503585815,109828.42001914978,721791.899728775,4,3810.8416964141798,1.12,True
99,17e,64838.634729385376,12.5752,56638.3101,121476.97796956787,706210.9602429627,0,79854.09593582153,0.0,52648.64745140076,132503.2744884491,721791.899728775,4,3989.6626485992456,1.08,True
100,17c,62024.25796985626,13.636099999999999,36786.163799999995,98810.45491003877,706210.9602429627,0,76983.23168754578,0.0,32652.49695777893,109636.25974655151,721791.899728775,4,4133.666842221064,1.13,True
101,24a,86687.4210357666,349.8216,8458.4093,95145.8634759491,706210.9602429627,0,105737.26434707642,0.0,3427.96688079834,109165.76232910156,721791.899728775,4,5030.4424192016595,2.47,True
102,17a,58744.04299259186,13.0838,62744.300800000005,121488.37693277435,706210.9602429627,0,74320.35069465637,0.0,57618.30515861511,131939.1869544983,721791.899728775,4,5125.995641384892,1.09,True
103,6b,92.46630668640137,238.9925,83311.5311,83404.03054686889,706210.9602429627,0,47.54314422607422,0.0,77942.55475997925,77990.62900543213,721791.899728775,4,5368.976340020745,1.07,True
104,14b,50844.59586143494,30.605200000000004,29640.232,80484.86100161744,706210.9602429627,0,54132.4761390686,0.0,24152.564191818237,78285.57143211365,721791.899728775,4,5487.667808181763,1.23,True
105,4a,54.26065921783447,228.74589999999998,44085.0349,44139.32869940033,706210.9602429627,0,17.880964279174805,0.0,38204.98471260071,38223.39677810669,721791.899728775,4,5880.050187399291,1.15,True
106,4c,65.18151760101318,228.4137,44094.9148,44160.12945778351,706210.9602429627,0,27.125930786132812,0.0,38193.74084472656,38221.3978767395,721791.899728775,4,5901.173955273436,1.15,True
107,4b,60.00492572784424,229.0102,44029.8545,44089.89256591034,706210.9602429627,0,25.435590744018555,0.0,37911.602544784546,37937.56923675537,721791.899728775,4,6118.251955215455,1.16,True
108,11d,16161.219811439514,30.6618,64506.778300000005,80668.031251622,706210.9602429627,0,16899.870014190674,0.0,55876.924896240234,72777.32601165771,721791.899728775,4,8629.853403759771,1.15,True
109,11c,14723.545956611633,22.517500000000002,65940.6447,80664.22379679413,706210.9602429627,0,15593.463039398193,0.0,57172.67117500305,72766.66531562805,721791.899728775,4,8767.973524996953,1.15,True
110,30b,94029.02159690857,290.3752,19596.6981,113625.75283709106,706210.9602429627,0,109619.7416305542,0.0,761.3806247711182,110381.65335655212,721791.899728775,4,18835.317475228883,25.74,True
111,28c,90385.10890007019,390.8655,47508.452399999995,137893.5944402527,706210.9602429627,0,108738.78474235535,0.0,13556.897687911987,122296.21353149414,721791.899728775,4,33951.55471208801,3.5,True
112,26a,87996.33378982544,281.9881,59438.11779999999,147434.48473000794,706210.9602429627,0,106736.6810798645,0.0,19388.234758377075,126125.44693946838,721791.899728775,4,40049.88304162292,3.07,True
