index,query_id,start_time_x,planning_time_x,execution_time_x,execution_start_time_x,workload_time_x,ID_x,start_time_y,planning_time_y,execution_time_y,execution_start_time_y,workload_time_y,ID_y,diff,diffratio,PN
0,query126,20792.051315307617,16.8131,966846.8973999999,987639.4092923186,3526325.1492576194,0,3282.5095653533936,31.023,1361948.797,1365231.3065653534,3137398.7374305725,6,-395101.8996000001,-1.41,False
1,query43,1684.5052003860474,14.0173,5551.1375,7236.103277397156,3526325.1492576194,0,3282.5095653533936,12.929,370469.696,373752.2055653534,3137398.7374305725,6,-364918.5585,-66.74,False
2,query3,0.9502649307250977,112.36189999999999,3959.4801999999995,3960.891041941833,3526325.1492576194,0,3282.5095653533936,123.288,366198.872,369481.38156535337,3137398.7374305725,6,-362239.3918,-92.49,False
3,query56,2507.1149110794067,14.9372,17176.2546,19683.830088090515,3526325.1492576194,0,3282.5095653533936,34.465,378533.541,381816.0505653534,3137398.7374305725,6,-361357.28640000004,-22.04,False
4,query76,4702.27198600769,42.2479,2344.1276,7046.860163018799,3526325.1492576194,0,3282.5095653533936,38.936,363698.284,366980.7935653534,3137398.7374305725,6,-361354.1564,-155.15,False
5,query99,10405.322813987732,18.903200000000002,1788.902,12194.68539099884,3526325.1492576194,0,3282.5095653533936,11.023,363076.188,366358.6975653534,3137398.7374305725,6,-361287.286,-202.96,False
6,query24,125.99334716796875,99.2536,1128.6921,1255.1460241790771,3526325.1492576194,0,3282.5095653533936,168.72,361638.549,364921.0585653534,3137398.7374305725,6,-360509.8569,-320.4,False
7,query23,120.58737277984619,103.33,702.2454,823.2933497909546,3526325.1492576194,0,3282.5095653533936,168.455,361196.954,364479.4635653534,3137398.7374305725,6,-360494.7086,-514.35,False
8,query28,150.47390460968018,78.4123,14753.496599999999,14904.431081620787,3526325.1492576194,0,3282.5095653533936,96.208,375028.688,378311.1975653534,3137398.7374305725,6,-360275.1914,-25.42,False
9,query50,2070.366144180298,37.7144,3234.7311999999997,5305.557921191406,3526325.1492576194,0,3282.5095653533936,55.219,363492.543,366775.0525653534,3137398.7374305725,6,-360257.8118,-112.37,False
10,query9,35.64465045928955,107.9731,2317.5888999999997,2353.6941274703977,3526325.1492576194,0,3282.5095653533936,99.56,362485.533,365768.0425653534,3137398.7374305725,6,-360167.9441,-156.41,False
11,query86,7458.0825090408325,7.5665000000000004,998.4385,8456.981586051941,3526325.1492576194,0,3282.5095653533936,9.598,361141.203,364423.7125653534,3137398.7374305725,6,-360142.7645,-361.71,False
12,query81,5968.91622543335,3.8082000000000003,1884.3054,7853.682202444458,3526325.1492576194,0,3282.5095653533936,2.979,361941.439,365223.9485653534,3137398.7374305725,6,-360057.1336,-192.08,False
13,query78,5376.321172714233,40.9345,663.7954,6040.577149725342,3526325.1492576194,0,3282.5095653533936,42.38,360612.554,363895.0635653534,3137398.7374305725,6,-359948.7586,-543.26,False
14,query89,8171.659708023071,3.4265,1052.9567,9225.076985034179,3526325.1492576194,0,3282.5095653533936,3.339,360951.12,364233.6295653534,3137398.7374305725,6,-359898.1633,-342.8,False
15,query1,4.095315933227539,105.57919999999999,499.3335,503.88939294433595,3526325.1492576194,0,3282.5095653533936,108.118,360361.155,363643.6645653534,3137398.7374305725,6,-359861.8215,-721.68,False
16,query42,1646.0041522979736,8.7018,2107.2354,3753.700129309082,3526325.1492576194,0,3282.5095653533936,10.843,361764.136,365046.6455653534,3137398.7374305725,6,-359656.9006,-171.68,False
17,query103,11406.420350074768,18.9618,2581.5986000000003,13988.479527085878,3526325.1492576194,0,3282.5095653533936,27.571,362129.518,365412.0275653534,3137398.7374305725,6,-359547.91939999996,-140.27,False
18,query74,4312.532949447632,43.7552,24768.8105,29081.80402645874,3526325.1492576194,0,3282.5095653533936,38.108,383198.413,386480.9225653534,3137398.7374305725,6,-358429.6025,-15.47,False
19,query47,1879.7858953475952,45.207100000000004,42320.3385,44200.5849723587,3526325.1492576194,0,3282.5095653533936,45.941,390286.362,393568.8715653534,3137398.7374305725,6,-347966.0235,-9.22,False
20,query71,3808.0090522766113,69.74980000000001,42089.5836,45898.05322928772,3526325.1492576194,0,3282.5095653533936,98.812,389477.555,392760.0645653534,3137398.7374305725,6,-347387.9714,-9.25,False
21,query38,1436.8995428085327,17.8861,41052.2367,42489.59681981964,3526325.1492576194,0,2051.8062114715576,0.0,53178.03049087525,55229.83670234681,3137398.7374305725,6,-12125.79379087525,-1.3,False
22,query2,0.0,98.7025,2344.546,2345.006577011108,3526325.1492576194,0,0.0,0.0,5469.362258911133,5469.362258911133,3137398.7374305725,6,-3124.816258911133,-2.33,False
23,query66,3360.799527168274,53.6476,4565.6985,7926.958604179383,3526325.1492576194,0,4066.7665004730225,0.0,6005.934000015259,10072.700500488281,3137398.7374305725,6,-1440.2355000152584,-1.32,False
24,query46,1835.9178066253662,72.7979,1564.7540000000001,3401.1323836364745,3526325.1492576194,0,2361.402988433838,0.0,2629.81390953064,4991.2168979644775,3137398.7374305725,6,-1065.05990953064,-1.68,False
25,query18,86.4436388015747,108.74859999999998,2246.349,2333.2532158126833,3526325.1492576194,0,14.073610305786133,0.0,3131.1614513397217,3145.235061645508,3137398.7374305725,6,-884.8124513397215,-1.39,False
26,query12,53.64077091217041,117.35799999999999,1867.5106,1921.6119479232789,3526325.1492576194,0,5.563974380493164,0.0,2739.8314476013184,2745.3954219818115,3137398.7374305725,6,-872.3208476013183,-1.47,False
27,query14,65.06147384643555,114.6276,1131.7588,1197.280850857544,3526325.1492576194,0,5.260944366455078,0.0,2003.6942958831787,2008.9552402496338,3137398.7374305725,6,-871.9354958831786,-1.77,False
28,query6,15.50741195678711,98.8729,1328.1643,1344.1322889678954,3526325.1492576194,0,4.964590072631836,0.0,2155.7817459106445,2160.7463359832764,3137398.7374305725,6,-827.6174459106446,-1.62,False
29,query20,103.35302352905273,104.8098,2320.9862000000003,2424.7998005401614,3526325.1492576194,0,14.056205749511719,0.0,3137.768030166626,3151.8242359161377,3137398.7374305725,6,-816.7818301666257,-1.35,False
30,query10,41.01831912994385,108.51020000000001,2787.3357,2828.8145961410523,3526325.1492576194,0,5.357265472412109,0.0,3589.5040035247803,3594.8612689971924,3137398.7374305725,6,-802.1683035247802,-1.29,False
31,query16,75.70219039916992,106.81099999999999,1176.9666,1253.1293674102783,3526325.1492576194,0,5.740165710449219,0.0,1941.4193630218504,1947.1595287322996,3137398.7374305725,6,-764.4527630218504,-1.65,False
32,query19,98.39692115783691,106.37010000000001,1305.6358,1404.4932981689453,3526325.1492576194,0,13.994455337524414,0.0,2045.2723503112795,2059.2668056488037,3137398.7374305725,6,-739.6365503112795,-1.57,False
33,query17,81.04367256164551,112.42439999999999,1214.4557,1295.9599495727539,3526325.1492576194,0,13.951778411865234,0.0,1952.358722686768,1966.3105010986333,3137398.7374305725,6,-737.903022686768,-1.61,False
34,query7,22.07956314086914,103.22740000000002,1317.3175999999999,1339.8577401519774,3526325.1492576194,0,5.137920379638672,0.0,2042.1013832092283,2047.239303588867,3137398.7374305725,6,-724.7837832092284,-1.55,False
35,query13,59.375929832458496,115.2456,1230.5084,1290.3449068435668,3526325.1492576194,0,5.724191665649414,0.0,1942.1508312225344,1947.8750228881838,3137398.7374305725,6,-711.6424312225345,-1.58,False
36,query26,138.01031112670898,89.6505,1607.2486000000001,1745.7194881378175,3526325.1492576194,0,33.51616859436035,0.0,2218.0795669555664,2251.5957355499268,3137398.7374305725,6,-610.8309669555663,-1.38,False
37,query27,144.64268684387207,92.87780000000001,1674.9991999999997,1820.1024638549802,3526325.1492576194,0,36.921024322509766,0.0,2157.9575538635254,2194.878578186035,3137398.7374305725,6,-482.95835386352564,-1.29,False
38,query11,46.97766304016113,107.56089999999999,2019.5201000000002,2066.9583400512697,3526325.1492576194,0,5.464076995849609,0.0,2483.543157577514,2489.007234573364,3137398.7374305725,6,-464.023057577514,-1.23,False
39,query21,108.94906520843506,113.16929999999999,1906.3788,2015.7884422195434,3526325.1492576194,0,14.872312545776367,0.0,2341.204166412353,2356.0764789581294,3137398.7374305725,6,-434.8253664123531,-1.23,False
40,query8,27.997708320617676,102.8703,1680.7679,1709.2261853317261,3526325.1492576194,0,5.051612854003906,0.0,2041.8519973754885,2046.9036102294924,3137398.7374305725,6,-361.08409737548845,-1.21,False
41,query4,4.230022430419922,111.9387,3773.3144,3778.0049994415285,3526325.1492576194,0,4.730701446533203,0.0,4058.106184005737,4062.83688545227,3137398.7374305725,6,-284.79178400573664,-1.08,False
42,query67,3446.723484992981,54.5991,154.3432,3601.5272620040896,3526325.1492576194,0,4073.0319023132324,0.0,337.54491806030273,4410.576820373535,3137398.7374305725,6,-183.20171806030274,-2.19,False
43,query48,1953.3542394638062,39.613299999999995,635.3303,2589.1451164749146,3526325.1492576194,0,2506.1192512512207,0.0,748.6753463745117,3254.7945976257324,3137398.7374305725,6,-113.34504637451175,-1.18,False
44,query25,132.13930130004883,107.2082,3214.7653999999998,3347.3652783111575,3526325.1492576194,0,29.37030792236328,0.0,3318.6659812927246,3348.036289215088,3137398.7374305725,6,-103.90058129272484,-1.03,False
45,query63,3116.8882608413696,40.3428,226.45209999999997,3343.800937852478,3526325.1492576194,0,3818.182945251465,0.0,244.41790580749512,4062.60085105896,3137398.7374305725,6,-17.965805807495144,-1.08,False
46,query55,2468.1991815567017,12.389,53.501099999999994,2522.16085856781,3526325.1492576194,0,3200.9150981903076,0.0,47.68800735473633,3248.603105545044,3137398.7374305725,6,5.813092645263666,1.12,True
47,query61,2882.8086137771606,46.973699999999994,845.0496999999999,3728.3188907882695,3526325.1492576194,0,3590.649366378784,0.0,833.787202835083,4424.436569213867,3137398.7374305725,6,11.262497164916908,1.01,True
48,query40,1557.8797101974487,6.8447000000000005,441.29679999999996,1999.6370872085572,3526325.1492576194,0,2063.8134479522705,0.0,420.7649230957031,2484.5783710479736,3137398.7374305725,6,20.531876904296837,1.05,True
49,query54,2373.283290863037,19.6935,128.0366,2501.7804678741454,3526325.1492576194,0,3179.041862487793,0.0,99.51138496398926,3278.553247451782,3137398.7374305725,6,28.525215036010735,1.29,True
50,query62,2985.355067253113,44.708999999999996,256.1352,3241.950844264221,3526325.1492576194,0,3599.2915630340576,0.0,214.3890857696533,3813.680648803711,3137398.7374305725,6,41.746114230346706,1.19,True
51,query65,3270.7218170166016,47.6259,445.9557,3717.13809402771,3526325.1492576194,0,4061.3903999328613,0.0,398.34022521972656,4459.730625152588,3137398.7374305725,6,47.615474780273416,1.12,True
52,query41,1616.9503450393677,7.5,157.6728,1775.083722050476,3526325.1492576194,0,2166.1343574523926,0.0,67.45600700378418,2233.5903644561768,3137398.7374305725,6,90.21679299621582,2.34,True
53,query87,7771.06397151947,3.6268000000000002,669.7373,8441.261848530577,3526325.1492576194,0,11370.283365249634,0.0,511.40809059143066,11881.691455841064,3137398.7374305725,6,158.32920940856934,1.31,True
54,query36,1345.7229375839233,18.1943,544.9467000000001,1891.1302145950317,3526325.1492576194,0,1970.6931114196777,0.0,343.9788818359375,2314.6719932556152,3137398.7374305725,6,200.96781816406258,1.58,True
55,query130,24243.13087463379,33.8235,545.3011,24788.892551644898,3526325.1492576194,0,60618.43156814575,0.0,300.67896842956543,60919.11053657532,3137398.7374305725,6,244.6221315704346,1.81,True
56,query64,3217.3722743988037,41.2178,1054.8163,4272.6491514099125,3526325.1492576194,0,4058.241605758667,0.0,771.5365886688232,4829.77819442749,3137398.7374305725,6,283.2797113311767,1.37,True
57,query93,8961.434602737427,4.9893,1973.5524,10935.447579748536,3526325.1492576194,0,15299.736261367798,0.0,1616.8930530548096,16916.629314422607,3137398.7374305725,6,356.65934694519046,1.22,True
58,query73,4142.13707447052,73.2989,1660.6133000000002,5803.210951481628,3526325.1492576194,0,4816.760063171387,0.0,1301.4352321624756,6118.195295333862,3137398.7374305725,6,359.1780678375246,1.28,True
59,query45,1788.902235031128,16.804499999999997,1250.4054,3039.7682120422364,3526325.1492576194,0,2319.218397140503,0.0,876.9431114196777,3196.1615085601807,3137398.7374305725,6,373.46228858032237,1.43,True
60,query125,20037.450623512268,16.8461,759.0554,20796.966600523378,3526325.1492576194,0,55234.562397003174,0.0,359.54809188842773,55594.1104888916,3137398.7374305725,6,399.50730811157223,2.11,True
61,query100,10606.518697738647,7.519800000000001,936.5896,11543.568874749757,3526325.1492576194,0,26808.417558670044,0.0,396.2125778198242,27204.630136489868,3137398.7374305725,6,540.3770221801758,2.36,True
62,query90,8346.942162513733,2.9773,1357.999,9705.401739524841,3526325.1492576194,0,14069.21648979187,0.0,814.2101764678955,14883.426666259766,3137398.7374305725,6,543.7888235321045,1.67,True
63,query137,31277.95066833496,15.6758,680.6346,31959.04584534607,3526325.1492576194,0,98727.31757164001,0.0,121.9944953918457,98849.31206703186,3137398.7374305725,6,558.6401046081543,5.58,True
64,query92,8703.716087341309,1.7609,999.8735,9704.050164352417,3526325.1492576194,0,14888.018131256104,0.0,406.9271087646485,15294.945240020752,3137398.7374305725,6,592.9463912353515,2.46,True
65,query83,6570.877242088318,3.4283,1720.1794000000002,8291.517219099425,3526325.1492576194,0,10079.26321029663,0.0,1118.0105209350586,11197.27373123169,3137398.7374305725,6,602.1688790649416,1.54,True
66,query53,2291.915249824524,21.600900000000003,1500.9896,3793.365426835632,3526325.1492576194,0,3159.0309143066406,0.0,894.5305347442627,4053.5614490509033,3137398.7374305725,6,606.4590652557374,1.68,True
67,query15,69.9514627456665,106.71110000000002,4225.5223,4295.9343397567745,3526325.1492576194,0,5.8441162109375,0.0,3579.076051712036,3584.9201679229736,3137398.7374305725,6,646.4462482879635,1.18,True
68,query33,685.1366281509399,15.465,1512.4028999999998,2198.0001051620484,3526325.1492576194,0,1949.101448059082,0.0,832.9687118530273,2782.0701599121094,3137398.7374305725,6,679.4341881469725,1.82,True
69,query29,155.71513175964355,72.2307,4774.445900000001,4930.621608770753,3526325.1492576194,0,43.98822784423828,0.0,4009.25087928772,4053.2391071319585,3137398.7374305725,6,765.1950207122804,1.19,True
70,query80,5786.9136571884155,3.5665999999999998,1654.9575,7442.331734199523,3526325.1492576194,0,8578.612804412842,0.0,884.4101428985596,9463.022947311401,3137398.7374305725,6,770.5473571014404,1.87,True
71,query127,22385.159492492676,64.9309,1172.9637,23558.583769503784,3526325.1492576194,0,59022.032022476196,0.0,381.6518783569336,59403.68390083313,3137398.7374305725,6,791.3118216430664,3.07,True
72,query110,13154.975438117981,67.24069999999999,1160.5066,14315.942615129088,3526325.1492576194,0,39562.92819976807,0.0,367.0320510864258,39929.96025085449,3137398.7374305725,6,793.4745489135742,3.16,True
73,query101,10905.466055870056,8.0533,1319.5902,12225.516832881165,3526325.1492576194,0,27211.493730545044,0.0,525.9439945220947,27737.43772506714,3137398.7374305725,6,793.6462054779054,2.51,True
74,query58,2633.5622787475586,51.487,3135018.1848999998,3137652.2077557584,3526325.1492576194,0,3282.5095653533936,0.0,3134116.227865219,3137398.7374305725,3137398.7374305725,6,901.9570347806439,1.0,True
75,query94,9155.651783943176,4.8077,2417.2779,11573.390260954284,3526325.1492576194,0,15580.589532852173,0.0,1501.0628700256348,17081.652402877808,3137398.7374305725,6,916.2150299743653,1.61,True
76,query117,15660.292196273804,8.9528,1635.4778000000001,17296.230573284913,3526325.1492576194,0,48087.6567363739,0.0,664.9537086486816,48752.61044502258,3137398.7374305725,6,970.5240913513185,2.46,True
77,query72,3929.6797275543213,85.724,3663.3188,7593.459104565431,3526325.1492576194,0,4599.776029586792,0.0,2678.7030696868896,7278.479099273682,3137398.7374305725,6,984.6157303131104,1.37,True
78,query82,6239.898419380188,4.7094000000000005,1805.0816,8045.440596391297,3526325.1492576194,0,9467.480897903442,0.0,801.0661602020264,10268.547058105469,3137398.7374305725,6,1004.0154397979736,2.25,True
79,query109,12787.294101715088,64.41760000000001,1573.3069,14361.061578726196,3526325.1492576194,0,39033.32757949829,0.0,522.8908061981201,39556.21838569641,3137398.7374305725,6,1050.41609380188,3.01,True
80,query79,5487.130403518677,46.6109,3892.397,9379.987980529786,3526325.1492576194,0,8564.743280410767,0.0,2801.1791706085205,11365.922451019287,3137398.7374305725,6,1091.2178293914794,1.39,True
81,query5,9.685659408569336,109.269,2831.0555,2841.2017364196777,3526325.1492576194,0,0.11157989501953125,0.0,1738.830327987671,1738.9419078826904,3137398.7374305725,6,1092.225172012329,1.63,True
82,query118,16186.702013015747,7.785500000000001,1872.7965,18059.959090026856,3526325.1492576194,0,48759.91916656494,0.0,736.3908290863037,49496.309995651245,3137398.7374305725,6,1136.4056709136962,2.54,True
83,query75,4517.410898208618,36.8451,4710.4318,9228.303275219727,3526325.1492576194,0,4996.060132980347,0.0,3566.60532951355,8562.665462493896,3137398.7374305725,6,1143.8264704864505,1.32,True
84,query102,11159.1078042984,5.0073,2289.6264,13449.194781309508,3526325.1492576194,0,27744.080305099487,0.0,1040.2424335479736,28784.32273864746,3137398.7374305725,6,1249.3839664520265,2.2,True
85,query129,23645.60148715973,67.3096,2027.5635000000002,25673.625564170834,3526325.1492576194,0,59916.65434837341,0.0,696.6879367828369,60613.34228515625,3137398.7374305725,6,1330.8755632171633,2.91,True
86,query128,23029.595708847046,67.5517,1901.0107,24931.066985858153,3526325.1492576194,0,59410.47644615173,0.0,495.112657546997,59905.58910369873,3137398.7374305725,6,1405.898042453003,3.84,True
87,query96,9546.649289131165,30.061,2899.5033,12446.613166142273,3526325.1492576194,0,17088.279724121094,0.0,1490.971326828003,18579.251050949097,3137398.7374305725,6,1408.531973171997,1.94,True
88,query139,32800.937938690186,37.0224,2507.0877,35308.48621570129,3526325.1492576194,0,106443.64857673645,0.0,1009.7148418426514,107453.3634185791,3137398.7374305725,6,1497.3728581573487,2.48,True
89,query145,47080.32076358795,71.2689,2209.9236,49290.70494059906,3526325.1492576194,0,166085.40201187134,0.0,592.656135559082,166678.05814743042,3137398.7374305725,6,1617.267464440918,3.73,True
90,query22,114.22591209411621,107.9272,4666.795,4781.481489105225,3526325.1492576194,0,18.129587173461914,0.0,3035.222053527832,3053.351640701294,3137398.7374305725,6,1631.572946472168,1.54,True
91,query112,13792.114067077637,62.021,2369.1344,16161.709044088746,3526325.1492576194,0,40514.92643356323,0.0,717.071533203125,41231.99796676636,3137398.7374305725,6,1652.062866796875,3.3,True
92,query91,8507.28874206543,3.6536999999999997,3146.483,11654.232319076538,3526325.1492576194,0,14329.696416854858,0.0,1246.0951805114746,15575.791597366333,3137398.7374305725,6,1900.3878194885256,2.53,True
93,query95,9330.380249023438,29.0063,3836.4945999999995,13167.335426034546,3526325.1492576194,0,16921.317100524902,0.0,1925.5151748657229,18846.832275390625,3137398.7374305725,6,1910.9794251342767,1.99,True
94,query119,16802.481865882874,11.316300000000002,2586.5448,19389.48724289398,3526325.1492576194,0,49131.41107559204,0.0,667.8240299224854,49799.23510551453,3137398.7374305725,6,1918.7207700775148,3.87,True
95,query146,48354.08864021301,76.79929999999999,2954.5484,51309.09761722412,3526325.1492576194,0,166683.04753303528,0.0,976.4986038208008,167659.54613685608,3137398.7374305725,6,1978.0497961791993,3.03,True
96,query116,15117.276406288147,10.0429,2766.7136,17884.450583299255,3526325.1492576194,0,47318.7518119812,0.0,763.8192176818848,48082.571029663086,3137398.7374305725,6,2002.8943823181153,3.62,True
97,query84,7037.740898132324,5.4155999999999995,5832.9698,12871.171275143433,3526325.1492576194,0,10273.15092086792,0.0,3791.34202003479,14064.49294090271,3137398.7374305725,6,2041.6277799652098,1.54,True
98,query60,2809.6038579940796,46.9189,7431.6053,10241.669735005187,3526325.1492576194,0,3583.876848220825,0.0,4973.357677459717,8557.234525680542,3137398.7374305725,6,2458.2476225402834,1.49,True
99,query111,13443.089818954468,69.902,3471.3885999999998,16914.938995965575,3526325.1492576194,0,39936.901330947876,0.0,909.8131656646729,40846.71449661255,3137398.7374305725,6,2561.575434335327,3.82,True
100,query44,1732.972502708435,14.7085,4888.8688,6622.301879719543,3526325.1492576194,0,2257.59220123291,0.0,2259.9937915802,4517.58599281311,3137398.7374305725,6,2628.8750084198,2.16,True
101,query35,1310.689401626587,19.2607,11853.1206,13164.270578637696,3526325.1492576194,0,1960.6432914733887,0.0,8903.988361358643,10864.631652832031,3137398.7374305725,6,2949.1322386413576,1.33,True
102,query37,1392.8894519805908,56.518600000000006,4171.8307,5565.1807289917,3526325.1492576194,0,2013.329029083252,0.0,1161.5982055664062,3174.927234649658,3137398.7374305725,6,3010.232494433594,3.59,True
103,query88,7970.928359031677,3.9369,5555.0136,13526.402536042786,3526325.1492576194,0,11890.897035598755,0.0,2434.0765476226807,14324.973583221436,3137398.7374305725,6,3120.9370523773196,2.28,True
104,query106,12142.490100860596,15.081800000000001,8029.5724,20172.5230778717,3526325.1492576194,0,28790.335416793823,0.0,4519.903898239136,33310.23931503296,3137398.7374305725,6,3509.6685017608643,1.78,True
105,query39,1497.8005647659302,16.1613,6384.1152,7882.376341777039,3526325.1492576194,0,2056.392192840576,0.0,2537.0380878448486,4593.430280685425,3137398.7374305725,6,3847.0771121551516,2.52,True
106,query131,24708.29610824585,36.7839,9051.7384,33760.49508525696,3526325.1492576194,0,60925.960302352905,0.0,3670.210838317871,64596.17114067078,3137398.7374305725,6,5381.527561682129,2.47,True
107,query31,168.4326171875,69.9461,10244.287699999999,10413.180894198607,3526325.1492576194,0,52.556753158569336,0.0,4759.396314620972,4811.953067779541,3137398.7374305725,6,5484.891385379027,2.15,True
108,query121,17690.74501991272,8.4822,7883.0939,25574.299496923828,3526325.1492576194,0,49503.262519836426,0.0,1666.1531925201416,51169.41571235657,3137398.7374305725,6,6216.940707479858,4.73,True
109,query49,2030.1059484481812,36.8695,13322.8576,15353.424125459289,3526325.1492576194,0,2749.9072551727295,0.0,6579.898118972778,9329.805374145508,3137398.7374305725,6,6742.959481027221,2.02,True
110,query114,14316.004180908203,9.7648,13043.227,27359.691757919314,3526325.1492576194,0,41236.85359954834,0.0,3836.13657951355,45072.99017906189,3137398.7374305725,6,9207.090420486451,3.4,True
111,query144,45301.843214035034,46.9053,14705.0639,60007.367691046136,3526325.1492576194,0,160967.3399925232,0.0,5110.555410385132,166077.89540290833,3137398.7374305725,6,9594.508489614867,2.88,True
112,query138,31884.442019462585,25.844100000000005,17393.591500000002,49278.494096473696,3526325.1492576194,0,98855.56101799011,0.0,7583.011627197266,106438.57264518738,3137398.7374305725,6,9810.579872802737,2.29,True
113,query77,5029.197430610657,42.7565,16295.2057,21324.863707621764,3526325.1492576194,0,6122.932434082031,0.0,5959.565877914429,12082.49831199646,3137398.7374305725,6,10335.639822085572,2.73,True
114,query113,14027.941250801086,13.0915,18148.9712,32177.373027812195,3526325.1492576194,0,40851.63712501526,0.0,6462.224960327148,47313.86208534241,3137398.7374305725,6,11686.746239672852,2.81,True
115,query124,19460.45846939087,16.9607,17502.1604,36963.07944640198,3526325.1492576194,0,54683.5777759552,0.0,4333.496809005737,59017.07458496094,3137398.7374305725,6,13168.663590994263,4.04,True
116,query134,27336.30015850067,30.7385,21923.8459,49260.60663551178,3526325.1492576194,0,72472.10121154785,0.0,7420.38106918335,79892.4822807312,3137398.7374305725,6,14503.46483081665,2.95,True
117,query132,25137.21251487732,36.500099999999996,28763.809999999998,53901.483091888425,3526325.1492576194,0,64603.20830345154,0.0,12772.473812103271,77375.68211555481,3137398.7374305725,6,15991.336187896726,2.25,True
118,query85,7225.977087020874,4.9902999999999995,26532.5229,33758.96056403198,3526325.1492576194,0,10869.192123413086,0.0,10232.499599456787,21101.691722869873,3137398.7374305725,6,16300.023300543213,2.59,True
119,query104,11616.694808006287,12.5529,38981.9399,50599.09528501739,3526325.1492576194,0,28697.805404663086,0.0,20681.07843399048,49378.883838653564,3137398.7374305725,6,18300.86146600952,1.88,True
120,query115,14706.295228004456,12.262899999999998,29562.792999999998,44269.54880501557,3526325.1492576194,0,45079.877853393555,0.0,9596.417665481567,54676.29551887512,3137398.7374305725,6,19966.37533451843,3.08,True
121,query98,9992.27318763733,23.7419,30722.213300000003,40714.94706464844,3526325.1492576194,0,18853.915214538574,0.0,10396.874189376833,29250.789403915405,3137398.7374305725,6,20325.339110623172,2.95,True
122,query59,2757.046890258789,61.55989999999999,61388.6333,64146.1407672699,3526325.1492576194,0,3352.7698516845703,0.0,37157.267808914185,40510.037660598755,3137398.7374305725,6,24231.365491085817,1.65,True
123,query32,174.16439056396484,71.1151,54827.7063,55002.33126757507,3526325.1492576194,0,56.22220039367676,0.0,28493.88861656189,28550.110816955566,3137398.7374305725,6,26333.81768343811,1.92,True
124,query97,9720.482873916626,14.7407,38084.0978,47805.04125092774,3526325.1492576194,0,18583.962440490723,0.0,10107.008934020996,28690.97137451172,3137398.7374305725,6,27977.088865979007,3.77,True
125,query69,3608.038878440857,81.40209999999999,52743.54349999999,56352.04295545196,3526325.1492576194,0,4428.3928871154785,0.0,24337.82267570496,28766.21556282044,3137398.7374305725,6,28405.720824295033,2.17,True
126,query133,26217.430233955383,39.4604,57554.292,83772.18281096648,3526325.1492576194,0,70989.24493789673,0.0,27730.924367904663,98720.16930580139,3137398.7374305725,6,29823.36763209534,2.08,True
127,query70,3684.6997499465942,74.6832,77627.8747,81313.0350269577,3526325.1492576194,0,4464.170932769775,0.0,44659.7101688385,49123.88110160828,3137398.7374305725,6,32968.1645311615,1.74,True
128,query142,37005.41880130768,86.53540000000001,102199.4317,139205.3110783188,3526325.1492576194,0,126787.5714302063,0.0,65638.47064971924,192426.04207992554,3137398.7374305725,6,36560.96105028076,1.56,True
129,query141,35573.00097942352,94.7724,104099.38739999999,139672.84895643464,3526325.1492576194,0,124962.5735282898,0.0,62891.00384712219,187853.577375412,3137398.7374305725,6,41208.3835528778,1.66,True
130,query108,12537.640380859375,17.3605,216486.6556,229024.75655787048,3526325.1492576194,0,33317.08812713623,0.0,169381.29329681396,202698.3814239502,3137398.7374305725,6,47105.36230318603,1.28,True
131,query105,11789.209818840027,11.6994,93391.4685,105181.13889585114,3526325.1492576194,0,28770.779371261597,0.0,42213.3846282959,70984.1639995575,3137398.7374305725,6,51178.083871704104,2.21,True
132,query68,3548.527932167053,76.6892,247658.0824,251207.07090917818,3526325.1492576194,0,4418.062925338745,0.0,194547.73426055908,198965.79718589783,3137398.7374305725,6,53110.34813944093,1.27,True
133,query51,2130.144429206848,38.5225,85054.443,87185.04800621796,3526325.1492576194,0,3059.9749088287354,0.0,23743.48497390747,26803.459882736206,3137398.7374305725,6,61310.95802609253,3.58,True
134,query52,2196.169352531433,33.1733,98499.2815,100695.91142954254,3526325.1492576194,0,3152.6997089385986,0.0,35874.76563453674,39027.46534347534,3137398.7374305725,6,62624.515865463254,2.75,True
135,query136,29669.71321105957,35.5532,115396.83729999998,145067.0110880707,3526325.1492576194,0,79897.39179611206,0.0,45059.9946975708,124957.38649368286,3137398.7374305725,6,70336.84260242918,2.56,True
136,query107,12338.411784172058,15.1661,236561.92919999998,248900.80156118315,3526325.1492576194,0,29255.528211593628,0.0,166032.28735923767,195287.8155708313,3137398.7374305725,6,70529.64184076231,1.42,True
137,query34,1287.2518062591553,18.1249,225611.7639,226899.47628327025,3526325.1492576194,0,1960.7632160186768,0.0,152752.7732849121,154713.5365009308,3137398.7374305725,6,72858.99061508788,1.48,True
138,query123,18903.529477119446,8.3619,98108.95999999999,117012.95005413056,3526325.1492576194,0,51174.32737350464,0.0,21292.75894165039,72467.08631515503,3137398.7374305725,6,76816.2010583496,4.61,True
139,query57,2586.7751121520996,21.9,86519.81019999999,89107.0458891632,3526325.1492576194,0,3258.3885192871094,0.0,320.7740783691406,3579.16259765625,3137398.7374305725,6,86199.03612163085,269.72,True
140,query140,34541.18242263794,89.5756,144940.90519999998,179482.54819964906,3526325.1492576194,0,107490.35000801086,0.0,53466.270208358765,160956.62021636963,3137398.7374305725,6,91474.63499164121,2.71,True
141,query30,161.41226291656494,72.49510000000001,223131.15640000004,223293.0292399277,3526325.1492576194,0,47.85919189453125,0.0,126734.12609100342,126781.98528289795,3137398.7374305725,6,96397.03030899662,1.76,True
142,query143,39877.99713611603,101.2396,181546.4866,221424.94431312714,3526325.1492576194,0,154718.71972084045,0.0,71490.19360542297,226208.91332626343,3137398.7374305725,6,110056.29299457703,2.54,True
143,query135,28454.17983531952,35.5108,536547.4757999999,565002.1162123305,3526325.1492576194,0,77380.615234375,0.0,373009.04870033264,450389.66393470764,3137398.7374305725,6,163538.42709966726,1.44,True
144,query120,17383.18350315094,7.8628,3140158.9605,3157542.604580162,3526325.1492576194,0,49384.05394554138,0.0,2459939.335823059,2509323.3897686005,3137398.7374305725,6,680219.624676941,1.28,True
145,query122,18237.65835762024,12.0393,3508075.4515999993,3526313.5705346307,3526325.1492576194,0,49804.06475067139,0.0,2362091.500282288,2411895.5650329595,3137398.7374305725,6,1145983.9513177113,1.49,True
