index,query_id,start_time_x,planning_time_x,execution_time_x,execution_start_time_x,workload_time_x,ID_x,start_time_y,planning_time_y,execution_time_y,execution_start_time_y,workload_time_y,ID_y,diff,diffratio,PN
0,23c,86618.60790252686,161.6453,1254.1396,87872.78064270935,706210.9602429627,0,7123.039245605469,0.0,22123142.007923126,22130265.124225616,22130265.04716873,8.0,-22121887.868323125,-17640.1,False
1,26b,88513.5877609253,298.5154,31756.478500000005,120270.09940110779,706210.9602429627,0,13198.015069961548,0.0,7561540.730047226,7574738.822174072,22130265.04716873,8.0,-7529784.251547226,-238.11,False
2,23a,86483.36894512177,175.4496,820.406,87303.80808530425,706210.9602429627,0,6658.973073959351,0.0,5735186.437129974,5741845.4872608185,22130265.04716873,8.0,-5734366.031129974,-6990.67,False
3,29c,92138.99230957031,552.7228,4204.0126,96343.03804975281,706210.9602429627,0,17514.833736419678,0.0,3390129.855442047,3407644.7662353516,22130265.04716873,8.0,-3385925.842842047,-806.4,False
4,33b,97171.55702114105,318.14700000000005,66.87100000000001,97238.46116132355,706210.9602429627,0,31198.1990814209,0.0,756989.1089439392,788187.3850822449,22130265.04716873,8.0,-756922.2379439392,-11320.14,False
5,30c,94606.03966712952,312.75120000000004,10340.1929,104946.265707312,706210.9602429627,0,23322.542905807495,0.0,638973.2683181763,662295.8882808685,22130265.04716873,8.0,-628633.0754181762,-61.8,False
6,19d,81803.58939170837,123.78330000000001,55229.8644,137033.48693189086,706210.9602429627,0,4760.289192199707,0.0,432093.2014465332,436853.5676956177,22130265.04716873,8.0,-376863.3370465332,-7.82,False
7,30a,93503.52466106415,298.591,6397.962799999999,99901.52060124665,706210.9602429627,0,19495.946311950684,0.0,309961.64326667786,329457.6666355133,22130265.04716873,8.0,-303563.6804666779,-48.45,False
8,30b,94029.02159690857,290.3752,19596.6981,113625.75283709106,706210.9602429627,0,20806.487226486206,0.0,310771.02060317993,331577.5848865509,22130265.04716873,8.0,-291174.32250317995,-15.86,False
9,24b,86725.77891349792,319.8193,1476.6985,88202.51055368042,706210.9602429627,0,8510.90497970581,0.0,131323.1809616089,139834.16299819946,22130265.04716873,8.0,-129846.48246160889,-88.93,False
10,24a,86687.4210357666,349.8216,8458.4093,95145.8634759491,706210.9602429627,0,7893.3557987213135,0.0,55210.098361968994,63103.53121757507,22130265.04716873,8.0,-46751.689061968995,-6.53,False
11,13c,49329.35452461243,39.1957,5056.6362,54386.023864794915,706210.9602429627,0,890.1816368103027,0.0,49321.09603881836,50211.35473251343,22130265.04716873,8.0,-44264.45983881836,-9.75,False
12,29a,90575.29788017273,478.5312,306.9736,90882.30462035522,706210.9602429627,0,14515.10214805603,0.0,42799.75485801697,57314.934062957764,22130265.04716873,8.0,-42492.78125801697,-139.42,False
13,29b,91030.10265827179,504.4417,4186.1795,95216.31529845428,706210.9602429627,0,15808.133316040039,0.0,44474.0816116333,60282.291984558105,22130265.04716873,8.0,-40287.9021116333,-10.62,False
14,22c,86405.0354719162,181.8827,11094.6626,97499.7312120987,706210.9602429627,0,6228.188228607178,0.0,48328.788471221924,54557.05375671387,22130265.04716873,8.0,-37234.12587122193,-4.36,False
15,22a,85827.51471996307,178.4495,4151.3216,89978.86946014556,706210.9602429627,0,5761.714267730713,0.0,36836.402893066406,42598.194217681885,22130265.04716873,8.0,-32685.081293066407,-8.87,False
16,22b,86153.16135883331,175.8607,3243.511,89396.7054990158,706210.9602429627,0,6121.057033538818,0.0,35384.06376838684,41505.197858810425,22130265.04716873,8.0,-32140.552768386842,-10.91,False
17,13b,45798.14229011536,41.736000000000004,12387.9833,58186.15873029785,706210.9602429627,0,805.8310985565186,0.0,43673.86493682861,44479.7730922699,22130265.04716873,8.0,-31285.881636828613,-3.53,False
18,22d,86453.53510379791,183.46620000000001,8808.833499999999,95262.4017439804,706210.9602429627,0,6363.798141479492,0.0,39009.976387023926,45373.85158538818,22130265.04716873,8.0,-30201.142887023925,-4.43,False
19,23b,86525.1256942749,146.72449999999998,814.4407,87339.5995344574,706210.9602429627,0,6790.752696990967,0.0,24294.176959991455,31085.006713867188,22130265.04716873,8.0,-23479.736259991456,-29.83,False
20,31c,96266.92185401917,307.2876,27727.5259,123994.48089420167,706210.9602429627,0,27677.999591827393,0.0,44515.65651893616,72193.73316764832,22130265.04716873,8.0,-16788.130618936157,-1.61,False
21,31a,95224.41263198853,280.8809,16824.2529,112048.69867217103,706210.9602429627,0,23772.38278388977,0.0,30365.607833862305,54138.06767463684,22130265.04716873,8.0,-13541.354933862305,-1.8,False
22,5a,70.25549411773682,225.02889999999996,5886.2105,5956.499134300232,706210.9602429627,0,49.755048751831055,0.0,14372.436046600342,14422.268152236938,22130265.04716873,8.0,-8486.22554660034,-2.44,False
23,31b,95813.2162809372,256.6949,2631.2877,98444.53712111969,706210.9602429627,0,26025.79870223999,0.0,9753.011989593506,35778.88774871826,22130265.04716873,8.0,-7121.724289593506,-3.71,False
24,25c,87513.39025497437,55.5271,22837.8355,110351.25889515686,706210.9602429627,0,11649.039363861084,0.0,29373.67911338806,41022.79553413391,22130265.04716873,8.0,-6535.8436133880605,-1.29,False
25,25b,87462.23170757294,46.4957,7772.7352,95235.00004775543,706210.9602429627,0,10213.845252990723,0.0,12976.387691497803,23190.31000137329,22130265.04716873,8.0,-5203.652491497803,-1.67,False
26,19b,80618.25675964355,90.9987,661.9024999999999,81280.19239982605,706210.9602429627,0,4087.3604774475098,0.0,5030.252170562744,9117.68970489502,22130265.04716873,8.0,-4368.349670562744,-7.6,False
27,5b,77.5111198425293,225.4812,5884.6176,5962.161860025024,706210.9602429627,0,55.41057586669922,0.0,9781.621313095093,9837.108945846558,22130265.04716873,8.0,-3897.003713095093,-1.66,False
28,26a,87996.33378982544,281.9881,59438.11779999999,147434.48473000794,706210.9602429627,0,12665.921354293823,0.0,62680.12218475342,75346.120595932,22130265.04716873,8.0,-3242.0043847534253,-1.05,False
29,18c,78067.25351810455,17.148,19339.3715,97406.65815828704,706210.9602429627,0,3546.7169761657715,0.0,22040.456199645996,25587.250232696533,22130265.04716873,8.0,-2701.084699645995,-1.14,False
30,19c,80949.87778663635,115.76050000000001,3732.5198000000005,84682.43072681884,706210.9602429627,0,4518.923282623291,0.0,5038.416147232056,9557.416486740112,22130265.04716873,8.0,-1305.8963472320552,-1.35,False
31,19a,79123.2875585556,115.9942,2266.1784,81389.4990987381,706210.9602429627,0,3854.0183067321777,0.0,2943.1106567382812,6797.206020355225,22130265.04716873,8.0,-676.9322567382815,-1.3,False
32,32b,96728.37312221527,11.2269,503.6764,97232.08266239776,706210.9602429627,0,30510.61100959778,0.0,1025.8166313171387,31536.504697799683,22130265.04716873,8.0,-522.1402313171386,-2.04,False
33,25a,86876.96981430054,51.2116,12423.0227,99300.02565448303,706210.9602429627,0,9278.407764434814,0.0,12494.477891921997,21772.962713241577,22130265.04716873,8.0,-71.45519192199754,-1.01,False
34,32a,96649.37152862549,18.3042,66.2945,96715.69916880799,706210.9602429627,0,30379.670524597168,0.0,122.42255210876465,30502.1701335907,22130265.04716873,8.0,-56.12805210876465,-1.85,False
35,12b,44502.15182304382,31.0182,1342.6696,45844.85456322632,706210.9602429627,0,672.3879337310791,0.0,902.5768756866455,1575.0418663024902,22130265.04716873,8.0,440.09272431335444,1.49,True
36,16a,56264.61052894592,32.3536,2199.027,58463.67066912842,706210.9602429627,0,2232.7829360961914,0.0,1650.5385875701904,3883.3985805511475,22130265.04716873,8.0,548.4884124298096,1.33,True
37,26c,89223.35364818573,287.0076,68488.5757,157711.9624883682,706210.9602429627,0,13807.301092147827,0.0,66333.00733566284,80140.38548469543,22130265.04716873,8.0,2155.5683643371594,1.03,True
38,6c,97.4172830581665,238.8819,3920.7977,4018.2481232406617,706210.9602429627,0,70.96037864685059,0.0,138.77301216125488,209.8104476928711,22130265.04716873,8.0,3782.024687838745,28.25,True
39,1d,11.347746849060059,225.6971,4990.4248,5001.805687031555,706210.9602429627,0,10.361003875732422,0.0,666.673755645752,677.11181640625,22130265.04716873,8.0,4323.751044354248,7.49,True
40,1b,0.6837129592895508,225.5283,4990.1205,4990.837353141785,706210.9602429627,0,1.654958724975586,0.0,631.3845157623291,633.1165313720703,22130265.04716873,8.0,4358.735984237671,7.9,True
41,16b,56542.16585159302,32.5131,89970.4877,146512.6866917755,706210.9602429627,0,2319.0597534179688,0.0,85461.92755699158,87781.06436729431,22130265.04716873,8.0,4508.560143008421,1.05,True
42,18a,71713.48237991333,13.7982,24350.1765,96063.69202009583,706210.9602429627,0,2915.261125564575,0.0,17179.827070236206,20095.165252685547,22130265.04716873,8.0,7170.349429763795,1.42,True
43,16c,57716.26319885254,27.574,20601.3747,78317.67103903503,706210.9602429627,0,2488.33270072937,0.0,12839.092254638672,15327.502012252808,22130265.04716873,8.0,7762.282445361328,1.6,True
44,15b,54036.13996505737,183.3628,8514.372599999999,62550.54570523987,706210.9602429627,0,1743.2094097137451,0.0,258.80866050720215,2002.095127105713,22130265.04716873,8.0,8255.563939492797,32.9,True
45,16d,58292.95856952667,26.7451,20020.7905,78313.78220970917,706210.9602429627,0,2691.8911933898926,0.0,10091.479015350342,12783.447265625,22130265.04716873,8.0,9929.311484649657,1.98,True
46,1c,6.627774238586426,225.8255,13182.065400000001,13188.726314421083,706210.9602429627,0,5.525302886962891,0.0,782.464599609375,788.0669593811035,22130265.04716873,8.0,12399.600800390626,16.85,True
47,1a,0.0,226.05630000000002,13307.708799999999,13307.741940182494,706210.9602429627,0,0.0,0.0,710.3731632232666,710.4502201080322,22130265.04716873,8.0,12597.335636776732,18.73,True
48,10c,6810.674071311951,14.174299999999999,51346.3154,58157.022611494445,706210.9602429627,0,312.8945827484131,0.0,33500.97961425781,33813.95125389099,22130265.04716873,8.0,17845.335785742187,1.53,True
49,13d,49931.42185211182,43.9962,55611.863600000004,105543.31859229431,706210.9602429627,0,987.2842311859131,0.0,36967.65661239624,37955.01790046692,22130265.04716873,8.0,18644.206987603764,1.5,True
50,15c,55192.34702587128,141.739,31126.7355,86319.11566605377,706210.9602429627,0,1947.1603393554688,0.0,4464.310264587402,6411.547660827637,22130265.04716873,8.0,26662.425235412597,6.97,True
51,14b,50844.59586143494,30.605200000000004,29640.232,80484.86100161744,706210.9602429627,0,1267.7103996276855,0.0,1055.6633949279785,2323.4508514404297,22130265.04716873,8.0,28584.56860507202,28.08,True
52,15d,55998.72615337372,127.39470000000001,33738.4031,89737.16239355621,706210.9602429627,0,2070.813035964966,0.0,5067.06657409668,7137.956666946411,22130265.04716873,8.0,28671.336525903323,6.66,True
53,13a,44569.62728500366,105.5642,42048.5248,86618.18522518616,706210.9602429627,0,757.1872234344482,0.0,12737.737464904785,13495.001745223999,22130265.04716873,8.0,29310.787335095214,3.3,True
54,8b,143.08812618255615,244.0227,30576.369400000003,30719.490666365054,706210.9602429627,0,133.33945274353027,0.0,1258.280611038208,1391.697120666504,22130265.04716873,8.0,29318.088788961795,24.3,True
55,15a,53422.39713668823,355.6424,32677.8206,86100.25087687073,706210.9602429627,0,1496.6346740722656,0.0,1874.984359741211,3371.696090698242,22130265.04716873,8.0,30802.836240258788,17.43,True
56,12c,44561.13893985748,29.8779,41734.1599,86295.33198003998,706210.9602429627,0,696.3965892791748,0.0,10158.340883255005,10854.814529418945,22130265.04716873,8.0,31575.819016744994,4.11,True
57,14c,52538.28525543213,21.8672,37698.6573,90236.97569561462,706210.9602429627,0,1402.6204586029053,0.0,4996.286869049072,6398.984384536743,22130265.04716873,8.0,32702.370430950927,7.55,True
58,14a,50601.64761543274,33.6323,39079.695400000004,89681.37615561523,706210.9602429627,0,1074.4712352752686,0.0,3017.6002979278564,4092.1485900878906,22130265.04716873,8.0,36062.09510207215,12.95,True
59,8c,147.9816436767578,249.5801,69030.475,69178.48978385926,706210.9602429627,0,147.8649616241455,0.0,32326.499366760254,32474.441385269165,22130265.04716873,8.0,36703.97563323975,2.14,True
60,9b,163.50507736206055,353.7022,53746.697,53910.235217544556,706210.9602429627,0,199.65267181396484,0.0,13949.322175979614,14149.051904678345,22130265.04716873,8.0,39797.374824020386,3.85,True
61,2c,28.713202476501465,228.8462,52360.8177,52389.564042658996,706210.9602429627,0,21.58055305480957,0.0,12316.278266906738,12337.935876846313,22130265.04716873,8.0,40044.53943309326,4.25,True
62,4c,65.18151760101318,228.4137,44094.9148,44160.12945778351,706210.9602429627,0,45.08185386657715,0.0,1077.239465713501,1122.3983764648438,22130265.04716873,8.0,43017.6753342865,40.93,True
63,4a,54.26065921783447,228.74589999999998,44085.0349,44139.32869940033,706210.9602429627,0,35.155344009399414,0.0,868.3795928955078,903.6119937896729,22130265.04716873,8.0,43216.65530710449,50.77,True
64,4b,60.00492572784424,229.0102,44029.8545,44089.89256591034,706210.9602429627,0,39.75682258605957,0.0,740.8650875091553,780.6989669799805,22130265.04716873,8.0,43288.989412490846,59.43,True
65,8d,152.85241603851318,250.34769999999997,57781.8819,57934.76745622101,706210.9602429627,0,167.47121810913086,0.0,12381.232452392578,12548.780727386475,22130265.04716873,8.0,45400.64944760742,4.67,True
66,10b,6810.616850852966,13.5659,50580.941399999996,57391.59139103546,706210.9602429627,0,291.27488136291504,0.0,4144.656658172607,4436.008596420288,22130265.04716873,8.0,46436.28474182739,12.2,True
67,9a,157.88066387176514,355.5464,53747.8214,53905.73520405426,706210.9602429627,0,181.03108406066895,0.0,5717.5188064575195,5898.626947402954,22130265.04716873,8.0,48030.30259354248,9.4,True
68,10a,6494.000124931335,12.907300000000001,57115.0316,63609.06486511383,706210.9602429627,0,269.5577621459961,0.0,5896.189641952515,6165.824460983276,22130265.04716873,8.0,51218.84195804749,9.69,True
69,9c,4441.451382637024,29.779700000000002,60328.2105,64769.69502281952,706210.9602429627,0,217.6443576812744,0.0,8609.971475601196,8827.692890167236,22130265.04716873,8.0,51718.239024398805,7.01,True
70,12a,31089.148473739624,25.0584,55056.455,86145.63661392212,706210.9602429627,0,623.9107608795166,0.0,2339.8236751556396,2963.811492919922,22130265.04716873,8.0,52716.63132484436,23.53,True
71,6a,87.22190856933594,238.6576,53884.7476,53972.00264875183,706210.9602429627,0,60.43362617492676,0.0,220.65458297729492,281.1652660369873,22130265.04716873,8.0,53664.09301702271,244.2,True
72,6e,108.8235855102539,239.3402,53880.52829999999,53989.38502569274,706210.9602429627,0,84.25250053405762,0.0,202.04248428344727,286.3720417022705,22130265.04716873,8.0,53678.48581571654,266.68,True
73,9d,6475.3496170043945,31.9848,106329.28689999999,112804.66965718688,706210.9602429627,0,241.40620231628418,0.0,48709.48028564453,48950.96354484558,22130265.04716873,8.0,57619.80661435546,2.18,True
74,8a,137.76488304138184,246.05149999999998,66336.1502,66473.94822322388,706210.9602429627,0,127.56447792053223,0.0,4502.444171905518,4630.085706710815,22130265.04716873,8.0,61833.706028094486,14.73,True
75,11d,16161.219811439514,30.6618,64506.778300000005,80668.031251622,706210.9602429627,0,376.46732330322266,0.0,2058.5497856140137,2435.094165802002,22130265.04716873,8.0,62448.22851438599,31.34,True
76,11c,14723.545956611633,22.517500000000002,65940.6447,80664.22379679413,706210.9602429627,0,345.69897651672363,0.0,2151.049757003784,2496.8257904052734,22130265.04716873,8.0,63789.59494299622,30.66,True
77,6f,113.69502544403076,238.93070000000003,93896.77709999999,94010.50526562652,706210.9602429627,0,91.18804931640625,0.0,27562.541151046753,27653.806257247925,22130265.04716873,8.0,66334.23594895324,3.41,True
78,6d,103.84008884429932,238.9146,93880.1743,93984.0475290268,706210.9602429627,0,76.14579200744629,0.0,24216.8475151062,24293.070363998413,22130265.04716873,8.0,69663.3267848938,3.88,True
79,7b,123.59316349029541,377.0274,71723.26389999999,71846.89020367278,706210.9602429627,0,108.85958671569824,0.0,2013.1840705871582,2122.120714187622,22130265.04716873,8.0,69710.07982941283,35.63,True
80,6b,92.46630668640137,238.9925,83311.5311,83404.03054686889,706210.9602429627,0,65.58103561401367,0.0,1717.0075416564941,1782.6656341552734,22130265.04716873,8.0,81594.5235583435,48.52,True
81,3c,48.9579439163208,228.5867,86180.17929999999,86229.1703840988,706210.9602429627,0,30.861330032348633,0.0,2285.5682373046875,2316.5066242218018,22130265.04716873,8.0,83894.6110626953,37.71,True
82,3a,39.58108425140381,228.5232,86049.7393,86089.3535244339,706210.9602429627,0,23.52919578552246,0.0,1260.2227687835693,1283.8290214538574,22130265.04716873,8.0,84789.51653121643,68.28,True
83,3b,44.10042762756348,228.31109999999998,85927.1002,85971.23376781006,706210.9602429627,0,27.11629867553711,0.0,876.3793468475342,903.5727024078369,22130265.04716873,8.0,85050.72085315247,98.05,True
84,7c,132.57505893707275,379.34389999999996,132906.3939,133039.00209911956,706210.9602429627,0,113.28024864196777,0.0,42535.99214553833,42649.34945106506,22130265.04716873,8.0,90370.40175446167,3.12,True
85,7a,118.53220462799072,376.64549999999997,102837.1404,102955.70574481049,706210.9602429627,0,98.33502769470215,0.0,5953.266763687134,6051.678848266602,22130265.04716873,8.0,96883.87363631287,17.27,True
86,20c,83904.38289642334,75.4269,287970.74210000003,371875.15813660587,706210.9602429627,0,5430.154228210449,0.0,36198.74277114868,41628.9740562439,22130265.04716873,8.0,251771.99932885135,7.96,True
87,2a,23.564839363098145,229.1071,52365.1426,52388.74057954559,706210.9602429627,0,,,,,,,,,False
88,2b,25.27027130126953,229.06599999999997,52363.505099999995,52388.80851148376,706210.9602429627,0,,,,,,,,,False
89,2d,33.130764961242676,229.32600000000002,52439.6834,52472.84730514374,706210.9602429627,0,,,,,,,,,False
90,5c,82.44123458862305,225.5718,55822.51700000001,55904.991374771125,706210.9602429627,0,,,,,,,,,False
91,11a,13639.424729347229,84.5124,2370.2509999999997,16009.708869529724,706210.9602429627,0,,,,,,,,,False
92,11b,13763.889122009277,76.0213,840.3071,14604.229362191772,706210.9602429627,0,,,,,,,,,False
93,17a,58744.04299259186,13.0838,62744.300800000005,121488.37693277435,706210.9602429627,0,,,,,,,,,False
94,17b,60682.90419578552,13.1786,38234.5274,98917.46473596801,706210.9602429627,0,,,,,,,,,False
95,17c,62024.25796985626,13.636099999999999,36786.163799999995,98810.45491003877,706210.9602429627,0,,,,,,,,,False
96,17d,63309.62555408478,12.6146,35553.769199999995,98863.42789426728,706210.9602429627,0,,,,,,,,,False
97,17e,64838.634729385376,12.5752,56638.3101,121476.97796956787,706210.9602429627,0,,,,,,,,,False
98,17f,67999.61314201355,13.117500000000001,42001.3434,110000.98968219603,706210.9602429627,0,,,,,,,,,False
99,18b,75785.84699630737,12.7774,10415.798200000001,86201.67833648986,706210.9602429627,0,,,,,,,,,False
100,20a,82123.39544296265,248.33450000000002,623839.2303,705962.6588831452,706210.9602429627,0,,,,,,,,,False
101,20b,82734.62226390839,75.68469999999999,280147.8373,362882.4927040909,706210.9602429627,0,,,,,,,,,False
102,21a,85088.29302787781,82.1565,732.2275000000001,85820.55366806031,706210.9602429627,0,,,,,,,,,False
103,21b,85481.77137374878,72.9115,324.73339999999996,85806.53791393127,706210.9602429627,0,,,,,,,,,False
104,21c,85662.9005908966,74.6353,269.0638,85931.9975310791,706210.9602429627,0,,,,,,,,,False
105,27a,89631.90279006958,307.49760000000003,186.4996,89818.43553025209,706210.9602429627,0,,,,,,,,,False
106,27b,89870.97346782684,302.3261,66.9555,89937.96210800935,706210.9602429627,0,,,,,,,,,False
107,27c,90030.33385276794,325.1735,218.89989999999997,90249.26689295044,706210.9602429627,0,,,,,,,,,False
108,28a,90133.5274219513,364.9561,26180.7605,116314.3210621338,706210.9602429627,0,,,,,,,,,False
109,28b,90235.06803512573,364.4139,21758.2393,111993.34047530821,706210.9602429627,0,,,,,,,,,False
110,28c,90385.10890007019,390.8655,47508.452399999995,137893.5944402527,706210.9602429627,0,,,,,,,,,False
111,33a,96935.351395607,367.2903,87.0572,97022.44173578949,706210.9602429627,0,,,,,,,,,False
112,33c,97306.37540817261,349.931,621.879,97928.2875483551,706210.9602429627,0,,,,,,,,,False
